3712 100 0 0
1 0 85
2 1 34
3 0 49
3 1 93
3 2 24
4 0 72
4 1 20
4 3 53
5 1 10
5 2 8
5 3 68
5 4 11
6 0 90
6 1 68
6 2 41
6 4 95
6 5 27
7 0 25
7 1 81
7 2 37
7 3 81
7 6 8
8 1 96
8 2 60
8 3 80
8 4 56
8 5 33
8 6 16
8 7 93
9 0 47
9 1 99
9 4 84
9 5 55
9 6 38
9 7 33
9 8 8
10 1 22
10 2 66
10 3 56
10 4 15
10 5 58
10 6 38
10 7 31
11 0 36
11 2 6
11 3 39
11 6 94
11 8 41
11 9 1
11 10 97
12 1 39
12 2 65
12 3 53
12 4 38
12 5 81
12 6 45
12 7 41
12 8 37
12 9 57
12 10 17
13 2 17
13 3 88
13 4 39
13 5 59
13 7 52
13 9 78
13 10 15
13 11 78
13 12 27
14 0 83
14 1 98
14 3 68
14 5 69
14 6 20
14 7 90
14 8 93
14 9 74
14 10 91
14 11 2
14 12 16
14 13 11
15 0 7
15 1 32
15 2 41
15 3 80
15 4 95
15 5 19
15 6 42
15 8 43
15 9 66
15 12 23
15 13 42
16 0 43
16 2 25
16 3 80
16 4 22
16 6 93
16 7 53
16 8 71
16 9 95
16 11 19
16 12 1
16 13 96
16 14 9
16 15 16
17 0 89
17 2 68
17 3 53
17 4 20
17 5 98
17 6 30
17 7 93
17 8 12
17 9 12
17 10 34
17 14 49
17 15 81
17 16 34
18 0 81
18 2 27
18 3 47
18 4 32
18 5 27
18 6 52
18 7 52
18 9 83
18 10 20
18 11 61
18 12 93
18 13 96
18 14 60
18 16 37
19 0 54
19 1 74
19 2 5
19 3 37
19 5 72
19 6 81
19 7 75
19 10 51
19 11 41
19 12 45
19 13 98
19 14 60
19 15 64
19 16 11
19 18 24
20 0 76
20 1 23
20 2 81
20 3 18
20 4 74
20 5 71
20 6 57
20 7 22
20 8 97
20 9 79
20 10 46
20 11 8
20 12 52
20 15 4
20 17 35
20 19 76
21 0 11
21 1 94
21 2 59
21 3 61
21 5 70
21 6 57
21 7 83
21 8 43
21 9 43
21 10 7
21 13 49
21 14 35
21 15 28
21 16 23
21 17 41
21 18 93
21 19 67
21 20 35
22 0 82
22 1 25
22 2 97
22 3 73
22 4 89
22 5 77
22 6 36
22 8 26
22 11 77
22 12 68
22 13 32
22 14 36
22 15 32
22 17 56
22 18 15
22 19 85
22 20 6
22 21 7
23 1 31
23 2 92
23 3 72
23 4 54
23 5 22
23 6 81
23 7 16
23 8 32
23 9 10
23 11 50
23 12 29
23 15 72
23 16 56
23 17 26
23 18 38
23 19 61
23 20 56
23 21 21
23 22 6
24 0 97
24 1 76
24 2 38
24 4 73
24 5 69
24 6 25
24 7 67
24 8 36
24 9 56
24 10 71
24 11 11
24 12 65
24 13 27
24 14 94
24 16 10
24 17 57
24 18 65
24 19 78
24 21 88
24 22 69
25 0 82
25 1 1
25 3 2
25 4 56
25 5 92
25 6 73
25 7 89
25 8 64
25 9 11
25 10 12
25 11 39
25 12 26
25 13 35
25 14 26
25 15 61
25 16 81
25 18 4
25 19 88
25 20 46
25 21 13
25 23 52
25 24 89
26 1 12
26 2 84
26 3 69
26 4 51
26 6 90
26 7 61
26 8 27
26 9 9
26 10 68
26 11 21
26 13 69
26 14 50
26 15 76
26 16 10
26 17 21
26 18 48
26 19 1
26 21 8
26 22 84
26 24 39
26 25 76
27 0 69
27 1 24
27 2 50
27 3 69
27 4 1
27 6 69
27 7 14
27 8 11
27 9 43
27 10 47
27 12 61
27 13 79
27 14 28
27 15 37
27 16 84
27 17 88
27 18 35
27 21 51
27 22 75
27 23 62
27 25 11
28 1 83
28 2 88
28 5 25
28 8 89
28 9 16
28 10 29
28 11 91
28 13 33
28 15 74
28 17 81
28 20 4
28 21 72
28 22 21
28 24 7
28 25 69
28 27 59
29 2 94
29 3 50
29 5 76
29 6 83
29 7 2
29 8 2
29 9 76
29 10 68
29 12 64
29 13 83
29 14 1
29 15 12
29 16 53
29 17 24
29 19 87
29 20 92
29 22 5
29 23 86
29 24 45
29 25 47
29 26 41
29 27 83
29 28 84
30 0 90
30 1 92
30 2 41
30 4 1
30 5 19
30 6 9
30 7 31
30 8 58
30 9 88
30 10 18
30 12 38
30 13 36
30 14 40
30 15 91
30 16 47
30 17 17
30 20 9
30 21 88
30 22 82
30 23 22
30 24 26
30 25 2
30 26 72
30 28 36
30 29 81
31 0 11
31 1 67
31 2 19
31 3 80
31 4 6
31 6 43
31 7 93
31 10 3
31 11 18
31 13 13
31 15 35
31 16 62
31 18 45
31 19 27
31 20 22
31 23 83
31 24 23
31 25 12
31 26 23
31 27 45
31 28 55
31 29 56
31 30 27
32 0 32
32 1 57
32 2 31
32 3 64
32 5 76
32 6 62
32 7 50
32 8 73
32 9 25
32 10 38
32 11 63
32 13 58
32 14 92
32 15 30
32 16 73
32 23 79
32 24 11
32 25 76
32 26 67
32 27 36
32 28 45
32 29 9
32 30 36
32 31 49
33 1 91
33 2 56
33 3 67
33 4 67
33 5 47
33 6 90
33 7 43
33 8 52
33 10 21
33 11 54
33 13 38
33 14 45
33 16 35
33 17 30
33 18 31
33 19 8
33 20 40
33 21 18
33 23 19
33 24 27
33 27 51
33 29 85
33 31 3
34 0 70
34 1 43
34 4 61
34 5 76
34 6 50
34 9 45
34 11 20
34 12 74
34 13 11
34 15 33
34 17 38
34 19 90
34 20 84
34 21 87
34 23 57
34 24 2
34 25 77
34 26 60
34 27 38
34 32 36
35 0 28
35 1 39
35 2 36
35 3 44
35 4 87
35 5 74
35 6 54
35 9 11
35 10 63
35 11 99
35 13 88
35 15 74
35 16 13
35 17 64
35 18 2
35 20 25
35 21 30
35 22 44
35 23 42
35 24 41
35 25 30
35 26 52
35 27 36
35 28 89
35 29 21
35 32 51
35 33 53
36 1 49
36 2 21
36 3 20
36 4 98
36 5 91
36 7 33
36 10 62
36 12 32
36 14 61
36 15 76
36 16 74
36 17 54
36 18 82
36 19 24
36 20 17
36 22 86
36 24 64
36 25 53
36 26 14
36 27 23
36 28 60
36 29 11
36 30 55
36 33 58
36 34 8
37 0 99
37 1 58
37 2 47
37 3 17
37 4 33
37 5 72
37 6 30
37 7 66
37 8 25
37 9 40
37 12 16
37 13 74
37 14 93
37 16 91
37 17 31
37 18 55
37 19 81
37 20 86
37 21 73
37 22 7
37 23 38
37 26 29
37 27 16
37 28 17
37 30 63
37 31 7
37 32 22
37 33 66
37 34 36
37 35 2
37 36 84
38 0 65
38 1 13
38 2 66
38 4 73
38 5 52
38 6 83
38 7 90
38 8 50
38 9 79
38 11 84
38 13 46
38 14 21
38 16 10
38 17 74
38 19 6
38 20 74
38 21 15
38 22 70
38 24 13
38 25 18
38 27 34
38 28 45
38 30 84
38 31 23
38 32 52
38 33 58
38 35 26
38 36 28
38 37 60
39 0 66
39 1 19
39 3 3
39 4 53
39 5 75
39 7 87
39 8 15
39 9 79
39 12 37
39 13 13
39 14 31
39 15 34
39 16 32
39 17 97
39 18 27
39 19 63
39 21 28
39 23 52
39 24 63
39 26 54
39 27 40
39 28 52
39 30 32
39 33 64
39 34 24
39 35 61
39 36 77
39 37 21
39 38 60
40 0 15
40 2 70
40 3 56
40 5 89
40 6 21
40 7 24
40 11 76
40 13 67
40 16 69
40 17 62
40 18 50
40 19 57
40 20 83
40 21 34
40 22 29
40 23 51
40 25 21
40 26 52
40 27 88
40 29 67
40 30 32
40 32 61
40 33 54
40 34 92
40 35 41
40 36 53
40 37 83
40 38 6
40 39 70
41 1 46
41 2 50
41 4 71
41 6 50
41 7 25
41 8 84
41 9 55
41 10 76
41 11 45
41 12 78
41 14 8
41 17 9
41 18 8
41 20 2
41 23 61
41 24 70
41 28 55
41 29 85
41 30 68
41 31 65
41 32 67
41 33 15
41 34 43
41 35 85
41 37 82
41 38 43
41 40 17
42 2 89
42 3 37
42 6 77
42 8 28
42 9 85
42 10 50
42 11 92
42 12 43
42 13 21
42 14 47
42 15 95
42 17 71
42 19 66
42 21 55
42 23 92
42 24 2
42 26 96
42 27 60
42 28 86
42 29 9
42 30 13
42 31 16
42 33 98
42 36 85
42 37 37
42 39 25
42 40 78
42 41 22
43 0 40
43 2 48
43 5 95
43 6 90
43 7 14
43 8 31
43 9 65
43 10 2
43 11 36
43 12 1
43 15 94
43 16 39
43 17 61
43 19 83
43 20 2
43 21 64
43 22 73
43 23 75
43 24 25
43 25 79
43 26 82
43 27 81
43 28 16
43 29 85
43 31 96
43 32 17
43 33 95
43 34 45
43 35 66
43 37 13
43 38 10
43 40 57
43 41 32
43 42 11
44 0 71
44 1 8
44 4 18
44 5 13
44 6 26
44 7 49
44 8 52
44 9 55
44 11 44
44 12 3
44 13 63
44 14 89
44 15 30
44 17 14
44 18 8
44 20 21
44 21 5
44 22 17
44 23 69
44 24 51
44 25 21
44 26 46
44 27 84
44 29 52
44 30 25
44 31 51
44 32 9
44 34 7
44 35 34
44 36 86
44 37 24
44 38 62
44 39 59
44 40 14
44 41 35
44 42 38
45 1 34
45 3 1
45 4 92
45 6 51
45 7 96
45 8 40
45 11 9
45 12 96
45 13 29
45 14 39
45 15 25
45 16 15
45 17 47
45 18 67
45 21 12
45 22 53
45 23 55
45 25 41
45 26 87
45 29 81
45 30 15
45 31 43
45 32 91
45 35 22
45 36 73
45 37 10
45 38 53
45 39 53
45 40 43
45 41 39
45 42 16
45 43 88
45 44 94
46 0 61
46 1 24
46 2 65
46 4 41
46 5 74
46 6 19
46 7 9
46 8 48
46 11 42
46 13 12
46 14 54
46 15 23
46 16 40
46 17 84
46 18 42
46 20 67
46 22 77
46 23 89
46 24 89
46 25 51
46 26 65
46 28 95
46 29 59
46 31 48
46 32 67
46 33 30
46 34 72
46 35 80
46 36 37
46 37 85
46 38 29
46 39 20
46 40 7
46 41 77
46 42 23
46 43 86
46 44 92
46 45 34
47 1 44
47 2 88
47 3 55
47 5 81
47 6 59
47 7 2
47 8 11
47 9 92
47 11 92
47 15 7
47 16 30
47 17 22
47 18 10
47 19 73
47 21 43
47 22 48
47 23 88
47 24 58
47 25 27
47 27 7
47 28 48
47 30 20
47 31 79
47 33 15
47 34 38
47 35 63
47 37 11
47 38 58
47 41 27
47 42 50
47 44 45
47 45 77
48 0 34
48 1 51
48 3 59
48 5 5
48 7 38
48 8 34
48 9 58
48 13 40
48 15 94
48 16 95
48 18 19
48 19 77
48 21 6
48 22 10
48 23 74
48 24 34
48 25 81
48 28 36
48 29 77
48 30 35
48 31 99
48 32 4
48 33 53
48 34 38
48 36 93
48 37 67
48 38 65
48 40 46
48 41 71
48 42 96
48 43 34
48 45 63
48 46 50
48 47 63
49 0 39
49 1 64
49 2 43
49 3 29
49 4 61
49 5 94
49 6 16
49 7 16
49 8 28
49 9 17
49 10 51
49 14 28
49 15 66
49 17 82
49 20 31
49 21 38
49 22 74
49 23 84
49 24 97
49 26 91
49 27 64
49 30 75
49 31 74
49 32 46
49 33 70
49 34 84
49 36 51
49 37 97
49 39 55
49 40 97
49 42 62
49 44 13
49 45 86
49 46 5
49 47 59
49 48 92
50 0 82
50 1 91
50 2 16
50 3 89
50 4 32
50 5 3
50 6 10
50 7 11
50 9 42
50 12 35
50 13 25
50 14 2
50 16 6
50 17 1
50 18 61
50 19 85
50 20 99
50 23 8
50 24 47
50 25 98
50 26 25
50 27 64
50 28 26
50 29 72
50 30 26
50 31 17
50 32 92
50 33 20
50 34 18
50 35 85
50 36 72
50 38 5
50 39 38
50 42 23
50 43 73
50 44 46
50 45 89
50 46 59
50 49 22
51 5 44
51 7 4
51 9 81
51 11 9
51 13 22
51 14 70
51 16 61
51 17 95
51 18 36
51 19 55
51 20 37
51 21 70
51 22 74
51 23 9
51 24 31
51 26 67
51 27 8
51 29 58
51 31 57
51 33 59
51 34 72
51 35 43
51 37 2
51 38 93
51 39 66
51 40 58
51 45 57
51 46 89
51 48 66
51 49 49
51 50 3
52 0 60
52 1 62
52 3 34
52 4 21
52 5 44
52 6 28
52 11 2
52 12 56
52 13 12
52 14 6
52 15 26
52 17 5
52 20 24
52 21 46
52 23 56
52 24 39
52 25 17
52 26 6
52 31 34
52 32 90
52 34 15
52 36 10
52 37 15
52 38 54
52 40 64
52 41 47
52 42 69
52 43 3
52 44 52
52 45 80
52 47 46
52 48 24
52 49 1
52 51 46
53 0 21
53 1 12
53 3 94
53 4 48
53 5 81
53 6 59
53 7 66
53 8 92
53 9 42
53 11 16
53 12 56
53 13 55
53 14 2
53 15 58
53 17 28
53 18 66
53 19 87
53 20 83
53 23 59
53 24 26
53 25 87
53 26 56
53 27 30
53 28 22
53 31 92
53 32 29
53 34 30
53 36 1
53 37 58
53 38 48
53 39 30
53 40 59
53 41 32
53 42 3
53 43 35
53 45 22
53 46 34
53 47 82
53 48 40
53 49 72
53 50 46
54 0 66
54 2 64
54 3 60
54 4 36
54 6 67
54 7 75
54 9 57
54 11 14
54 12 91
54 13 66
54 14 83
54 16 36
54 17 72
54 18 94
54 20 94
54 21 62
54 23 42
54 24 27
54 25 12
54 26 42
54 27 46
54 28 25
54 29 99
54 31 25
54 32 99
54 33 55
54 36 41
54 38 29
54 40 27
54 41 26
54 42 60
54 43 76
54 44 99
54 45 16
54 47 5
54 48 81
54 51 45
54 52 66
54 53 24
55 0 71
55 1 64
55 3 78
55 4 37
55 6 63
55 7 17
55 8 92
55 9 7
55 11 42
55 12 66
55 13 46
55 14 18
55 15 37
55 16 83
55 18 31
55 20 74
55 21 3
55 23 20
55 24 60
55 25 4
55 26 82
55 27 69
55 28 76
55 32 32
55 33 38
55 34 88
55 35 58
55 36 43
55 37 61
55 38 32
55 40 14
55 41 70
55 42 66
55 43 96
55 44 86
55 46 10
55 47 15
55 48 23
55 50 76
55 51 96
55 53 1
55 54 41
56 0 40
56 1 75
56 2 3
56 4 23
56 5 14
56 7 76
56 10 88
56 11 2
56 13 71
56 14 44
56 15 62
56 17 35
56 19 35
56 20 88
56 21 67
56 22 67
56 23 60
56 24 18
56 25 13
56 26 83
56 27 53
56 28 35
56 30 78
56 31 50
56 32 10
56 33 22
56 34 15
56 35 86
56 36 47
56 37 47
56 38 48
56 39 40
56 40 79
56 41 79
56 43 58
56 44 83
56 45 35
56 46 55
56 48 92
56 49 15
56 51 25
56 52 6
56 53 11
56 54 70
56 55 75
57 0 83
57 1 56
57 2 13
57 3 89
57 4 55
57 5 79
57 6 68
57 8 95
57 9 6
57 11 50
57 12 6
57 13 4
57 17 54
57 19 25
57 22 43
57 23 89
57 24 88
57 25 96
57 26 5
57 27 1
57 28 63
57 30 4
57 31 62
57 33 22
57 35 87
57 36 90
57 38 35
57 39 54
57 40 48
57 42 6
57 43 46
57 44 80
57 45 79
57 46 68
57 47 64
57 48 81
57 49 94
57 50 23
57 52 87
57 53 87
57 54 38
57 56 86
58 0 80
58 1 64
58 3 84
58 4 7
58 5 11
58 6 53
58 7 47
58 8 86
58 10 44
58 11 83
58 12 19
58 13 88
58 14 35
58 15 71
58 16 36
58 17 48
58 18 74
58 21 13
58 22 98
58 23 54
58 24 27
58 25 34
58 26 87
58 29 77
58 30 46
58 33 55
58 35 77
58 38 64
58 39 56
58 41 37
58 42 84
58 43 65
58 44 12
58 45 41
58 47 92
58 48 63
58 49 58
58 50 67
58 51 3
58 52 2
58 53 71
58 54 27
58 55 78
58 56 95
58 57 94
59 1 86
59 2 29
59 3 42
59 4 62
59 5 46
59 6 56
59 7 87
59 8 89
59 10 82
59 11 8
59 12 2
59 13 57
59 14 81
59 15 41
59 16 91
59 17 60
59 18 35
59 20 3
59 22 3
59 24 61
59 26 35
59 27 99
59 28 70
59 29 52
59 31 59
59 32 16
59 33 74
59 34 48
59 35 1
59 36 81
59 37 39
59 38 35
59 39 42
59 41 97
59 42 22
59 43 42
59 44 94
59 49 38
59 50 65
59 52 4
59 54 83
59 55 45
59 57 56
59 58 8
60 0 5
60 1 77
60 2 51
60 3 65
60 6 83
60 7 59
60 10 88
60 11 31
60 13 65
60 14 78
60 15 26
60 17 89
60 18 88
60 19 48
60 20 88
60 21 66
60 22 3
60 24 23
60 25 89
60 26 65
60 27 89
60 29 91
60 30 26
60 31 84
60 32 7
60 34 49
60 35 76
60 36 70
60 37 67
60 39 83
60 40 42
60 42 87
60 43 80
60 44 10
60 46 76
60 47 32
60 49 21
60 50 14
60 51 87
60 52 90
60 53 57
60 54 94
60 55 92
60 56 55
60 57 32
60 59 35
61 0 32
61 1 30
61 2 58
61 3 88
61 4 36
61 5 41
61 6 40
61 8 49
61 11 77
61 13 56
61 14 60
61 15 44
61 16 5
61 17 96
61 19 47
61 24 13
61 25 2
61 26 60
61 28 53
61 29 71
61 30 38
61 32 52
61 33 2
61 36 80
61 38 57
61 39 85
61 40 52
61 43 97
61 44 53
61 45 93
61 46 68
61 47 61
61 48 30
61 49 48
61 50 42
61 51 88
61 52 84
61 54 89
61 56 93
61 58 39
61 59 10
61 60 61
62 0 99
62 1 16
62 2 45
62 3 72
62 4 33
62 5 20
62 6 97
62 8 75
62 10 19
62 14 67
62 15 3
62 18 66
62 19 66
62 21 44
62 22 5
62 23 42
62 25 79
62 26 21
62 27 15
62 28 29
62 29 50
62 31 54
62 32 13
62 33 88
62 35 70
62 36 90
62 37 17
62 38 79
62 41 27
62 42 43
62 46 63
62 47 67
62 48 35
62 49 64
62 52 15
62 53 21
62 54 22
62 56 90
62 57 45
62 58 86
62 59 68
62 60 66
63 0 85
63 1 82
63 2 80
63 5 11
63 6 53
63 7 12
63 10 54
63 11 56
63 12 22
63 13 93
63 14 71
63 15 51
63 17 15
63 18 95
63 19 4
63 20 99
63 21 82
63 23 52
63 24 73
63 25 61
63 26 7
63 28 65
63 30 39
63 32 93
63 33 88
63 35 84
63 36 94
63 37 37
63 39 53
63 40 1
63 41 20
63 42 89
63 43 19
63 44 6
63 45 62
63 46 17
63 47 99
63 48 19
63 49 94
63 50 66
63 51 1
63 52 28
63 53 16
63 55 74
63 56 54
63 57 95
63 58 23
63 59 24
63 60 44
63 61 33
63 62 89
64 0 56
64 3 49
64 4 95
64 5 85
64 6 27
64 7 31
64 9 18
64 12 44
64 13 32
64 15 4
64 18 58
64 21 17
64 22 56
64 24 25
64 25 96
64 27 10
64 28 26
64 30 94
64 31 77
64 32 45
64 33 68
64 34 75
64 35 23
64 37 95
64 38 35
64 39 78
64 41 69
64 42 44
64 43 97
64 44 65
64 45 70
64 46 39
64 47 56
64 48 26
64 49 95
64 50 64
64 51 83
64 53 75
64 55 26
64 56 83
64 58 90
64 59 88
64 60 36
64 61 36
64 62 21
64 63 10
65 0 54
65 1 87
65 2 25
65 3 16
65 4 47
65 5 60
65 7 33
65 9 61
65 10 10
65 11 94
65 12 4
65 13 60
65 14 37
65 15 78
65 16 8
65 17 65
65 18 47
65 19 53
65 20 65
65 22 47
65 23 61
65 24 63
65 25 56
65 26 33
65 28 47
65 29 29
65 30 29
65 31 82
65 32 27
65 33 39
65 34 76
65 35 82
65 36 1
65 37 35
65 38 62
65 42 69
65 44 9
65 45 47
65 46 4
65 47 19
65 49 73
65 50 19
65 51 74
65 52 60
65 53 54
65 54 67
65 55 3
65 56 3
65 57 65
65 59 90
65 60 58
65 61 43
65 64 82
66 0 70
66 1 50
66 2 97
66 3 83
66 4 51
66 5 33
66 6 58
66 8 57
66 9 79
66 11 92
66 13 78
66 16 82
66 17 42
66 19 32
66 20 72
66 21 49
66 22 5
66 23 29
66 25 12
66 26 92
66 28 55
66 29 99
66 33 46
66 34 39
66 35 22
66 36 97
66 38 24
66 39 25
66 40 59
66 41 31
66 42 72
66 43 74
66 44 68
66 45 55
66 46 22
66 47 51
66 48 46
66 51 51
66 52 84
66 53 15
66 55 91
66 59 33
66 60 53
66 62 4
66 65 82
67 0 70
67 1 90
67 2 86
67 3 49
67 4 69
67 5 86
67 6 49
67 7 62
67 8 99
67 9 82
67 10 45
67 12 13
67 13 17
67 18 4
67 19 30
67 20 99
67 21 94
67 24 19
67 27 56
67 28 70
67 31 86
67 32 53
67 33 95
67 34 56
67 35 91
67 36 21
67 37 33
67 38 47
67 39 52
67 40 55
67 41 43
67 42 29
67 44 73
67 45 29
67 47 49
67 49 61
67 50 56
67 52 34
67 53 56
67 56 73
67 57 89
67 58 81
67 59 19
67 60 92
67 61 1
67 62 62
67 63 70
67 64 78
67 65 23
67 66 78
68 0 23
68 1 71
68 2 87
68 3 20
68 4 50
68 6 36
68 8 19
68 10 35
68 12 67
68 13 8
68 14 27
68 15 75
68 16 67
68 17 29
68 18 9
68 19 61
68 20 87
68 21 80
68 22 70
68 23 33
68 24 97
68 25 92
68 27 80
68 28 40
68 29 77
68 30 58
68 32 54
68 33 49
68 34 35
68 35 1
68 36 91
68 37 92
68 38 51
68 39 38
68 40 75
68 41 14
68 42 21
68 43 60
68 44 38
68 45 86
68 46 70
68 49 50
68 50 90
68 51 77
68 52 45
68 53 44
68 54 65
68 55 98
68 56 90
68 57 34
68 59 29
68 60 63
68 61 8
68 62 45
68 63 88
68 66 87
68 67 36
69 1 21
69 2 93
69 4 27
69 5 30
69 7 92
69 8 46
69 10 96
69 11 87
69 12 92
69 13 23
69 15 97
69 16 12
69 17 94
69 18 80
69 19 8
69 20 24
69 21 45
69 22 61
69 23 57
69 25 77
69 26 49
69 27 92
69 29 63
69 30 40
69 32 48
69 33 18
69 34 35
69 35 21
69 36 54
69 38 64
69 39 42
69 40 12
69 41 97
69 42 26
69 43 15
69 44 87
69 45 95
69 46 8
69 47 33
69 48 3
69 49 49
69 50 51
69 51 20
69 52 47
69 53 25
69 54 92
69 55 83
69 56 3
69 57 97
69 58 15
69 59 97
69 60 53
69 61 59
69 62 26
69 63 37
69 65 11
69 66 28
69 68 15
70 0 95
70 2 8
70 3 15
70 4 4
70 5 8
70 6 66
70 7 82
70 8 41
70 9 13
70 10 35
70 11 45
70 12 43
70 13 58
70 14 34
70 16 53
70 17 30
70 18 41
70 19 56
70 21 50
70 22 85
70 23 72
70 25 43
70 26 5
70 27 74
70 28 90
70 31 28
70 34 22
70 35 93
70 36 44
70 38 56
70 39 73
70 40 48
70 41 35
70 43 43
70 44 47
70 45 67
70 47 84
70 48 40
70 49 89
70 51 27
70 52 3
70 53 55
70 55 65
70 57 30
70 58 65
70 60 18
70 62 64
70 63 76
70 65 79
70 66 40
70 67 20
70 68 73
70 69 13
71 1 72
71 3 85
71 4 94
71 5 32
71 6 54
71 7 17
71 9 87
71 10 83
71 12 2
71 13 50
71 14 58
71 16 63
71 17 22
71 18 22
71 19 49
71 21 76
71 22 3
71 23 68
71 24 93
71 25 29
71 26 54
71 27 29
71 28 46
71 29 11
71 30 62
71 31 4
71 33 89
71 34 23
71 36 4
71 37 68
71 40 32
71 41 32
71 42 62
71 43 31
71 44 35
71 45 9
71 46 30
71 47 27
71 49 25
71 51 76
71 52 20
71 53 41
71 54 50
71 55 75
71 56 79
71 58 51
71 59 16
71 60 63
71 61 81
71 62 12
71 63 86
71 64 37
71 65 31
71 66 11
71 67 96
71 69 54
71 70 69
72 1 67
72 2 47
72 3 1
72 5 21
72 7 18
72 9 69
72 12 19
72 13 16
72 15 80
72 16 93
72 17 67
72 19 63
72 20 39
72 21 15
72 22 12
72 23 58
72 24 56
72 26 1
72 27 65
72 28 41
72 29 34
72 30 79
72 31 39
72 32 76
72 33 52
72 34 66
72 35 56
72 37 36
72 38 37
72 39 29
72 40 42
72 41 36
72 42 23
72 43 74
72 46 36
72 47 39
72 50 67
72 51 52
72 52 48
72 53 87
72 55 5
72 56 80
72 57 25
72 58 15
72 59 40
72 60 31
72 61 90
72 63 28
72 64 19
72 65 24
72 66 40
72 68 98
72 69 32
72 71 28
73 0 87
73 1 83
73 2 71
73 3 73
73 4 16
73 5 28
73 6 63
73 7 84
73 8 71
73 9 35
73 10 98
73 11 9
73 13 13
73 14 95
73 15 79
73 16 68
73 17 11
73 18 3
73 21 71
73 23 51
73 24 94
73 25 14
73 28 93
73 29 26
73 30 78
73 31 29
73 32 7
73 33 74
73 35 68
73 36 46
73 38 60
73 39 7
73 40 38
73 41 96
73 43 40
73 44 52
73 45 45
73 47 89
73 48 47
73 50 28
73 52 90
73 53 15
73 54 51
73 55 38
73 56 28
73 57 51
73 59 38
73 60 47
73 61 57
73 62 81
73 64 74
73 65 5
73 66 32
73 68 98
73 69 96
73 70 31
74 0 62
74 2 58
74 3 96
74 6 12
74 7 71
74 9 31
74 10 75
74 11 78
74 14 25
74 15 34
74 16 92
74 17 48
74 18 32
74 19 75
74 20 17
74 21 92
74 23 38
74 25 55
74 26 45
74 28 56
74 29 20
74 30 2
74 31 94
74 33 27
74 34 24
74 35 58
74 36 37
74 37 4
74 38 95
74 40 21
74 41 58
74 42 99
74 44 67
74 45 60
74 46 49
74 47 33
74 48 88
74 50 3
74 51 71
74 53 61
74 55 93
74 56 91
74 57 13
74 59 56
74 60 9
74 61 33
74 62 57
74 63 28
74 64 97
74 65 17
74 66 68
74 68 22
74 69 81
74 70 87
74 71 80
74 72 25
74 73 27
75 2 97
75 5 95
75 6 18
75 7 73
75 8 77
75 9 43
75 10 68
75 11 25
75 12 65
75 13 2
75 15 15
75 16 72
75 17 76
75 18 1
75 19 28
75 20 30
75 22 84
75 23 66
75 24 65
75 25 97
75 26 93
75 28 73
75 30 66
75 32 89
75 33 22
75 34 3
75 35 77
75 36 84
75 37 98
75 39 57
75 40 70
75 42 35
75 43 31
75 44 2
75 45 11
75 46 18
75 47 60
75 48 26
75 50 67
75 51 14
75 54 73
75 55 85
75 56 1
75 57 32
75 58 94
75 59 21
75 60 23
75 61 58
75 62 44
75 63 24
75 64 55
75 65 64
75 67 90
75 68 85
75 69 67
75 70 47
75 71 84
75 72 86
75 73 7
76 0 53
76 1 13
76 2 56
76 3 3
76 4 43
76 5 75
76 7 57
76 8 17
76 9 65
76 10 34
76 11 2
76 13 37
76 15 74
76 16 4
76 17 82
76 20 24
76 21 97
76 22 45
76 26 65
76 27 5
76 28 42
76 30 16
76 31 14
76 33 14
76 34 24
76 35 57
76 36 38
76 37 26
76 38 3
76 39 25
76 40 22
76 41 34
76 44 86
76 45 92
76 46 48
76 47 91
76 48 45
76 49 59
76 51 83
76 52 73
76 53 37
76 54 95
76 55 39
76 57 57
76 58 49
76 59 87
76 60 11
76 61 3
76 62 65
76 63 8
76 64 57
76 67 50
76 68 43
76 70 9
76 71 64
76 73 73
76 75 90
77 0 96
77 1 95
77 2 18
77 4 46
77 5 22
77 6 70
77 7 14
77 8 64
77 10 80
77 13 49
77 15 66
77 16 39
77 17 43
77 18 80
77 19 85
77 21 54
77 22 99
77 23 17
77 25 87
77 27 94
77 29 40
77 31 68
77 33 87
77 34 50
77 37 97
77 39 77
77 40 76
77 41 83
77 43 46
77 45 70
77 46 25
77 47 74
77 48 82
77 50 59
77 51 12
77 52 96
77 53 50
77 54 29
77 55 32
77 56 80
77 57 33
77 58 38
77 59 54
77 60 87
77 61 8
77 62 83
77 63 9
77 64 91
77 66 56
77 67 98
77 68 64
77 69 21
77 70 51
77 71 96
77 72 11
77 74 66
77 75 70
77 76 9
78 2 96
78 3 22
78 4 66
78 6 39
78 9 36
78 10 95
78 11 94
78 12 85
78 13 89
78 14 35
78 15 21
78 17 83
78 18 94
78 20 14
78 22 60
78 23 21
78 24 16
78 25 46
78 26 52
78 27 88
78 28 19
78 29 82
78 30 42
78 31 51
78 32 71
78 33 2
78 35 31
78 36 72
78 37 96
78 38 75
78 39 79
78 41 43
78 43 59
78 44 6
78 45 12
78 46 95
78 47 34
78 48 36
78 49 67
78 50 72
78 51 59
78 52 60
78 53 48
78 54 78
78 55 21
78 56 62
78 59 20
78 60 42
78 61 69
78 62 12
78 64 71
78 65 17
78 66 42
78 68 89
78 69 29
78 70 88
78 71 63
78 73 2
78 74 44
78 76 73
78 77 68
79 0 26
79 3 8
79 4 40
79 6 26
79 9 25
79 10 24
79 11 58
79 12 46
79 13 80
79 15 83
79 16 88
79 17 79
79 18 96
79 20 63
79 21 4
79 22 18
79 23 84
79 24 19
79 25 70
79 29 97
79 30 67
79 32 23
79 33 7
79 35 90
79 36 7
79 37 31
79 38 45
79 39 56
79 40 36
79 42 36
79 45 36
79 46 87
79 47 84
79 48 3
79 49 1
79 50 23
79 51 84
79 53 85
79 55 75
79 56 63
79 57 37
79 59 56
79 60 32
79 61 27
79 62 85
79 63 38
79 65 61
79 66 59
79 67 37
79 71 43
79 72 56
79 73 48
79 74 62
79 75 60
79 76 95
79 77 93
80 1 50
80 2 2
80 3 56
80 5 55
80 6 40
80 7 39
80 9 63
80 10 37
80 11 2
80 12 73
80 13 45
80 15 16
80 16 26
80 17 98
80 18 84
80 19 62
80 20 98
80 21 30
80 24 83
80 26 38
80 27 8
80 28 40
80 29 50
80 30 54
80 31 48
80 32 96
80 33 26
80 34 92
80 36 25
80 38 32
80 39 13
80 40 91
80 41 68
80 42 28
80 43 88
80 44 15
80 45 47
80 46 13
80 47 48
80 48 41
80 49 91
80 50 99
80 51 4
80 52 74
80 53 39
80 55 58
80 56 59
80 57 16
80 58 65
80 59 18
80 62 33
80 63 54
80 65 85
80 66 44
80 67 43
80 68 9
80 70 41
80 71 80
80 73 37
80 75 71
80 76 99
80 77 88
80 78 49
80 79 5
81 0 83
81 1 40
81 2 77
81 3 95
81 4 78
81 5 31
81 6 67
81 7 82
81 8 51
81 9 49
81 10 5
81 11 38
81 12 34
81 13 50
81 15 97
81 16 29
81 17 79
81 19 56
81 22 32
81 23 66
81 24 76
81 27 87
81 28 42
81 29 72
81 30 6
81 31 87
81 32 26
81 33 13
81 34 87
81 35 6
81 36 20
81 37 77
81 38 44
81 39 49
81 40 93
81 41 32
81 42 11
81 45 67
81 46 73
81 47 5
81 48 89
81 49 32
81 50 81
81 52 76
81 54 97
81 55 26
81 56 87
81 57 90
81 58 94
81 59 79
81 61 75
81 62 23
81 63 3
81 64 51
81 68 52
81 69 43
81 70 73
81 71 89
81 72 95
81 73 64
81 74 91
81 76 99
81 77 74
81 78 39
81 79 52
81 80 41
82 0 91
82 2 54
82 4 12
82 5 61
82 6 98
82 7 25
82 8 80
82 9 52
82 10 99
82 11 39
82 12 48
82 13 22
82 16 67
82 17 50
82 18 44
82 21 13
82 23 76
82 24 73
82 25 19
82 26 3
82 28 65
82 29 32
82 30 49
82 31 48
82 32 14
82 33 95
82 35 21
82 36 22
82 37 41
82 38 82
82 39 87
82 41 98
82 42 82
82 46 25
82 48 46
82 49 28
82 50 88
82 52 56
82 53 15
82 54 69
82 56 33
82 58 54
82 59 97
82 61 22
82 62 75
82 64 43
82 65 18
82 66 1
82 67 56
82 68 71
82 69 26
82 71 95
82 72 94
82 73 15
82 75 18
82 76 98
82 77 46
82 79 81
82 80 32
82 81 94
83 0 75
83 1 53
83 2 89
83 3 39
83 5 5
83 6 16
83 8 63
83 9 87
83 10 92
83 11 65
83 13 53
83 14 3
83 16 44
83 17 25
83 18 83
83 19 69
83 20 79
83 21 69
83 22 5
83 23 73
83 24 68
83 25 62
83 26 97
83 29 55
83 30 50
83 31 61
83 33 87
83 34 86
83 37 45
83 38 36
83 40 86
83 41 44
83 42 34
83 43 5
83 44 98
83 45 66
83 46 78
83 47 67
83 48 45
83 49 33
83 52 4
83 53 73
83 54 80
83 58 60
83 59 75
83 62 87
83 63 39
83 64 54
83 66 90
83 67 72
83 68 86
83 70 80
83 72 10
83 74 33
83 75 92
83 76 59
83 77 44
83 78 75
83 79 19
83 80 7
83 82 55
84 0 99
84 1 35
84 2 5
84 3 77
84 4 63
84 5 38
84 6 38
84 7 43
84 8 56
84 9 8
84 10 55
84 13 16
84 14 3
84 15 2
84 17 59
84 18 13
84 19 85
84 22 16
84 23 74
84 24 15
84 25 58
84 27 1
84 28 92
84 29 24
84 31 58
84 32 48
84 33 15
84 34 30
84 36 69
84 37 12
84 38 77
84 39 39
84 40 4
84 41 58
84 42 86
84 43 64
84 44 44
84 45 55
84 46 63
84 49 31
84 50 99
84 52 57
84 53 90
84 54 49
84 55 9
84 56 18
84 57 24
84 58 54
84 59 86
84 60 92
84 61 25
84 62 94
84 63 16
84 64 65
84 65 40
84 66 84
84 67 37
84 68 42
84 69 69
84 70 42
84 71 65
84 72 86
84 73 40
84 74 88
84 76 96
84 77 67
84 78 95
84 79 82
84 80 52
84 81 46
84 82 69
84 83 37
85 0 47
85 1 75
85 2 63
85 4 68
85 5 13
85 6 12
85 7 38
85 10 30
85 11 40
85 12 12
85 13 13
85 14 19
85 15 9
85 16 58
85 18 85
85 19 87
85 20 89
85 21 72
85 23 66
85 24 16
85 25 98
85 26 12
85 29 90
85 30 81
85 31 41
85 33 64
85 34 36
85 35 16
85 36 95
85 37 12
85 38 50
85 39 92
85 40 5
85 41 57
85 43 32
85 44 67
85 45 32
85 46 70
85 47 2
85 48 97
85 49 60
85 50 13
85 51 54
85 56 31
85 57 17
85 58 89
85 59 10
85 60 73
85 62 75
85 63 26
85 64 48
85 65 79
85 66 20
85 67 71
85 68 32
85 69 4
85 71 9
85 72 89
85 74 62
85 75 47
85 77 83
85 79 12
85 80 72
85 82 28
85 83 7
85 84 89
86 2 45
86 3 17
86 4 50
86 5 17
86 6 20
86 7 21
86 8 12
86 10 36
86 11 29
86 12 91
86 13 35
86 14 92
86 16 57
86 17 95
86 18 87
86 19 86
86 20 66
86 21 12
86 23 45
86 25 29
86 28 67
86 29 35
86 30 39
86 32 40
86 34 4
86 35 21
86 36 23
86 37 49
86 38 28
86 39 12
86 40 59
86 41 20
86 43 64
86 44 43
86 45 20
86 47 4
86 51 65
86 52 30
86 53 23
86 54 76
86 55 85
86 59 73
86 60 42
86 61 10
86 63 30
86 66 61
86 67 59
86 68 52
86 69 67
86 71 80
86 72 93
86 73 35
86 74 94
86 75 76
86 76 12
86 77 36
86 78 45
86 79 4
86 80 76
86 81 66
86 83 45
86 84 24
86 85 21
87 0 70
87 3 98
87 5 50
87 6 49
87 7 42
87 8 69
87 10 92
87 13 55
87 14 56
87 16 37
87 17 77
87 20 54
87 21 87
87 22 2
87 24 30
87 25 49
87 26 68
87 28 53
87 29 83
87 31 77
87 32 28
87 33 20
87 34 2
87 35 54
87 36 98
87 37 86
87 38 36
87 40 3
87 41 72
87 43 64
87 44 99
87 45 56
87 46 63
87 47 97
87 48 25
87 50 81
87 51 10
87 52 60
87 53 92
87 54 3
87 56 91
87 57 19
87 58 25
87 59 90
87 60 58
87 61 63
87 62 78
87 63 82
87 64 45
87 65 27
87 66 48
87 68 11
87 69 32
87 71 36
87 72 47
87 73 25
87 75 54
87 76 91
87 77 45
87 78 5
87 79 55
87 81 94
87 83 28
87 85 33
88 1 71
88 2 69
88 3 21
88 4 53
88 5 69
88 9 85
88 11 33
88 12 43
88 13 86
88 14 74
88 15 53
88 16 53
88 17 23
88 18 33
88 19 35
88 20 83
88 21 40
88 22 48
88 23 71
88 24 36
88 25 38
88 26 82
88 27 28
88 28 77
88 31 94
88 32 84
88 33 52
88 34 32
88 35 6
88 36 99
88 37 23
88 39 33
88 40 6
88 41 12
88 42 52
88 43 6
88 44 70
88 45 61
88 46 78
88 47 9
88 48 44
88 50 85
88 51 69
88 53 14
88 54 70
88 55 52
88 56 27
88 57 99
88 58 84
88 59 65
88 60 11
88 61 46
88 62 1
88 66 4
88 67 33
88 68 47
88 69 31
88 70 2
88 71 29
88 72 28
88 73 45
88 75 37
88 76 56
88 77 27
88 78 23
88 79 25
88 80 74
88 82 70
88 83 26
88 84 43
88 85 64
88 86 20
89 1 88
89 2 58
89 3 45
89 5 89
89 6 38
89 7 76
89 8 38
89 9 31
89 11 62
89 13 96
89 15 67
89 16 1
89 17 50
89 18 65
89 19 42
89 20 43
89 21 28
89 22 31
89 23 13
89 25 49
89 27 62
89 28 4
89 29 67
89 30 93
89 31 19
89 32 2
89 33 53
89 34 47
89 35 92
89 37 65
89 40 51
89 41 70
89 42 78
89 43 79
89 44 27
89 45 43
89 48 46
89 49 89
89 50 55
89 51 76
89 52 23
89 54 48
89 56 92
89 57 64
89 58 16
89 59 80
89 60 66
89 61 93
89 62 53
89 63 31
89 64 3
89 66 95
89 68 83
89 69 76
89 71 77
89 72 60
89 73 23
89 74 61
89 75 41
89 76 8
89 78 22
89 79 19
89 81 31
89 82 6
89 83 51
89 84 75
89 85 49
89 86 1
89 87 93
90 0 78
90 2 9
90 3 79
90 4 75
90 5 61
90 6 56
90 8 78
90 9 91
90 10 16
90 12 81
90 13 33
90 16 5
90 17 67
90 18 85
90 20 63
90 22 85
90 23 51
90 24 19
90 25 60
90 28 39
90 30 74
90 31 55
90 32 44
90 33 76
90 34 94
90 35 64
90 36 71
90 37 78
90 38 8
90 39 91
90 40 83
90 41 73
90 42 7
90 45 74
90 47 48
90 48 31
90 49 35
90 50 12
90 51 65
90 53 30
90 54 48
90 55 25
90 56 54
90 57 34
90 58 87
90 59 81
90 60 51
90 61 37
90 62 42
90 63 38
90 65 69
90 66 4
90 67 71
90 69 38
90 70 23
90 71 40
90 72 86
90 73 23
90 74 9
90 75 42
90 76 27
90 77 80
90 78 57
90 79 4
90 81 58
90 82 26
90 84 7
90 85 12
90 86 89
90 87 36
90 88 39
90 89 84
91 0 34
91 2 75
91 4 12
91 5 84
91 6 61
91 7 10
91 8 92
91 9 33
91 10 2
91 11 62
91 12 51
91 13 66
91 14 94
91 15 74
91 16 70
91 17 65
91 18 22
91 19 70
91 20 84
91 21 20
91 22 5
91 23 49
91 24 99
91 26 64
91 27 83
91 28 68
91 29 47
91 30 61
91 31 45
91 33 73
91 34 27
91 37 91
91 38 99
91 39 72
91 40 80
91 44 91
91 47 75
91 48 57
91 49 12
91 50 80
91 51 40
91 52 83
91 53 80
91 54 82
91 55 69
91 56 41
91 57 52
91 58 92
91 59 65
91 62 76
91 63 23
91 64 32
91 67 1
91 68 43
91 69 17
91 70 68
91 71 54
91 72 82
91 73 67
91 75 25
91 76 71
91 78 99
91 79 56
91 80 22
91 81 5
91 82 2
91 84 76
91 86 52
91 87 68
91 88 12
91 89 21
91 90 17
92 0 88
92 1 55
92 2 86
92 3 64
92 5 74
92 7 48
92 8 46
92 9 78
92 10 97
92 11 65
92 12 54
92 13 57
92 14 53
92 15 42
92 16 56
92 18 51
92 20 3
92 21 75
92 22 8
92 23 71
92 24 1
92 26 54
92 27 13
92 28 49
92 29 37
92 30 97
92 31 34
92 32 41
92 33 71
92 34 63
92 36 27
92 37 48
92 38 17
92 39 69
92 41 71
92 42 42
92 43 90
92 44 45
92 45 50
92 47 40
92 48 92
92 50 97
92 53 31
92 54 41
92 55 9
92 56 70
92 57 15
92 58 97
92 59 38
92 61 98
92 62 90
92 63 16
92 64 45
92 65 38
92 66 55
92 67 18
92 69 29
92 70 23
92 71 4
92 73 4
92 74 6
92 75 11
92 76 22
92 77 75
92 78 92
92 80 43
92 83 81
92 85 82
92 87 4
92 88 96
92 89 19
92 90 46
92 91 63
93 0 6
93 1 28
93 2 83
93 3 3
93 4 67
93 5 32
93 6 41
93 7 63
93 8 5
93 9 87
93 10 2
93 11 18
93 12 55
93 13 83
93 14 92
93 15 24
93 16 70
93 17 45
93 18 94
93 19 2
93 21 97
93 22 27
93 23 89
93 24 63
93 25 87
93 26 15
93 27 79
93 29 18
93 30 64
93 31 26
93 32 38
93 33 63
93 35 29
93 36 7
93 37 57
93 39 33
93 40 2
93 41 56
93 43 76
93 44 30
93 47 33
93 48 24
93 49 55
93 50 73
93 51 54
93 52 17
93 53 94
93 54 39
93 55 85
93 56 56
93 58 50
93 59 87
93 62 94
93 63 29
93 64 25
93 66 62
93 67 53
93 68 53
93 69 1
93 70 86
93 71 97
93 73 86
93 74 92
93 75 6
93 77 45
93 78 28
93 80 59
93 81 36
93 82 92
93 83 68
93 84 52
93 85 84
93 86 64
93 87 61
93 88 36
93 89 85
93 90 64
93 91 30
93 92 90
94 0 45
94 1 51
94 3 35
94 4 93
94 7 93
94 8 58
94 9 23
94 10 66
94 11 2
94 12 58
94 13 58
94 14 47
94 15 33
94 19 61
94 20 46
94 22 77
94 23 63
94 24 69
94 25 29
94 26 50
94 27 77
94 28 64
94 30 92
94 31 39
94 32 6
94 33 24
94 34 95
94 35 94
94 36 19
94 37 63
94 38 9
94 39 32
94 40 68
94 42 16
94 43 41
94 45 25
94 46 56
94 48 86
94 50 62
94 51 67
94 52 35
94 53 39
94 56 74
94 57 77
94 58 49
94 59 46
94 60 61
94 61 75
94 63 99
94 64 99
94 65 91
94 67 47
94 68 65
94 69 76
94 71 53
94 72 91
94 74 9
94 75 34
94 76 61
94 77 40
94 78 55
94 80 13
94 81 30
94 82 2
94 83 29
94 84 89
94 85 68
94 86 50
94 87 88
94 88 17
94 90 91
94 91 28
94 92 82
94 93 74
95 1 25
95 3 35
95 4 83
95 5 36
95 6 46
95 7 84
95 8 25
95 9 71
95 10 87
95 11 11
95 12 24
95 13 50
95 14 63
95 15 96
95 16 45
95 17 20
95 18 46
95 19 83
95 20 32
95 21 78
95 22 34
95 23 2
95 24 19
95 25 51
95 26 59
95 28 57
95 29 6
95 32 27
95 37 85
95 38 1
95 39 79
95 40 73
95 41 84
95 42 40
95 43 54
95 44 74
95 45 70
95 46 91
95 47 22
95 48 17
95 49 11
95 50 32
95 51 39
95 54 30
95 55 54
95 57 8
95 58 71
95 59 66
95 60 92
95 61 77
95 62 6
95 63 65
95 64 39
95 65 48
95 67 78
95 69 24
95 70 47
95 71 5
95 72 9
95 73 48
95 76 6
95 77 43
95 78 62
95 79 79
95 80 69
95 83 9
95 85 85
95 86 69
95 87 20
95 88 4
95 89 58
95 90 5
95 94 90
96 3 31
96 4 49
96 7 6
96 8 61
96 9 21
96 10 65
96 11 88
96 12 58
96 13 3
96 14 12
96 15 64
96 16 12
96 18 23
96 19 76
96 21 18
96 23 89
96 24 99
96 25 28
96 26 43
96 27 17
96 28 69
96 29 96
96 30 81
96 31 32
96 33 26
96 34 90
96 35 47
96 38 98
96 39 69
96 40 56
96 41 93
96 43 90
96 44 50
96 45 80
96 48 6
96 49 92
96 50 71
96 51 15
96 52 68
96 53 94
96 55 84
96 56 58
96 57 65
96 58 63
96 59 66
96 60 77
96 61 49
96 62 77
96 63 89
96 64 2
96 65 41
96 66 78
96 68 2
96 69 68
96 70 52
96 71 67
96 75 69
96 76 17
96 77 59
96 78 94
96 82 70
96 85 88
96 86 73
96 87 73
96 88 5
96 89 14
96 92 87
96 93 76
96 94 91
97 0 46
97 1 44
97 2 66
97 7 83
97 8 84
97 9 14
97 12 73
97 15 35
97 18 57
97 19 86
97 20 16
97 21 18
97 24 45
97 26 56
97 27 76
97 28 54
97 29 70
97 31 78
97 32 79
97 33 74
97 34 24
97 35 17
97 36 89
97 37 75
97 39 96
97 40 53
97 41 55
97 42 12
97 44 14
97 45 27
97 46 1
97 47 4
97 49 18
97 51 56
97 52 87
97 53 3
97 56 94
97 57 10
97 58 25
97 59 11
97 60 99
97 61 74
97 63 20
97 64 74
97 65 85
97 66 84
97 68 13
97 69 56
97 71 90
97 72 82
97 74 22
97 75 4
97 76 53
97 77 99
97 78 32
97 79 23
97 80 35
97 81 47
97 83 64
97 85 50
97 86 6
97 87 94
97 88 16
97 89 10
97 90 73
97 91 7
97 92 66
97 93 76
97 94 68
97 95 3
97 96 65
98 0 79
98 1 48
98 2 43
98 3 66
98 4 15
98 5 87
98 6 68
98 7 94
98 8 91
98 9 21
98 10 75
98 11 73
98 12 70
98 13 26
98 14 90
98 15 63
98 16 55
98 19 82
98 20 52
98 21 19
98 22 56
98 23 2
98 25 21
98 27 27
98 28 66
98 29 19
98 30 42
98 34 63
98 35 65
98 37 89
98 38 30
98 39 17
98 40 29
98 41 63
98 42 93
98 44 56
98 45 52
98 47 66
98 48 16
98 49 54
98 50 26
98 51 86
98 52 87
98 54 74
98 55 55
98 56 67
98 57 28
98 58 20
98 60 63
98 61 34
98 62 54
98 64 96
98 66 13
98 67 81
98 68 5
98 69 29
98 71 30
98 72 45
98 74 68
98 75 37
98 76 60
98 77 50
98 78 85
98 79 70
98 80 91
98 81 87
98 82 18
98 83 65
98 84 28
98 85 85
98 86 32
98 87 35
98 88 23
98 89 37
98 90 31
98 91 66
98 92 56
98 93 44
98 94 21
98 95 97
98 96 90
98 97 66
99 0 49
99 1 58
99 3 43
99 4 44
99 87 58
99 92 49
