3712 100 0 0
0 1 30
0 3 82
0 5 96
0 9 59
0 10 14
0 13 81
0 15 70
0 18 97
0 22 58
0 28 23
0 29 2
0 30 34
0 32 79
0 33 16
0 34 28
0 35 21
0 39 65
0 40 87
0 43 35
0 44 13
0 45 36
0 46 26
0 53 68
0 58 11
0 62 43
0 64 68
0 67 33
0 71 28
0 72 2
0 73 33
0 74 42
0 76 16
0 77 85
0 79 11
0 80 67
0 81 41
0 85 54
0 92 48
0 95 48
0 96 98
0 97 47
0 99 42
1 2 23
1 3 57
1 14 18
1 15 7
1 17 47
1 19 98
1 22 7
1 24 48
1 31 82
1 52 2
1 53 13
1 56 25
1 59 96
1 62 66
1 65 65
1 66 20
1 67 99
1 74 68
1 76 75
1 82 69
1 84 19
1 85 49
1 89 5
1 93 93
1 97 16
2 4 11
2 6 80
2 7 83
2 15 38
2 17 2
2 18 27
2 20 11
2 22 57
2 24 46
2 25 11
2 26 42
2 32 71
2 35 58
2 36 91
2 37 98
2 38 38
2 39 71
2 42 89
2 46 28
2 51 15
2 52 70
2 53 56
2 57 19
2 64 10
2 65 66
2 67 80
2 71 34
2 74 37
2 75 1
2 76 97
2 80 34
2 81 40
2 85 16
2 87 75
2 89 80
2 95 2
2 97 96
3 2 28
3 5 59
3 6 35
3 7 20
3 10 88
3 12 96
3 17 54
3 20 87
3 22 16
3 30 36
3 32 3
3 33 63
3 35 36
3 36 8
3 38 94
3 40 50
3 41 84
3 42 97
3 44 96
3 46 49
3 48 19
3 50 67
3 53 92
3 56 1
3 58 64
3 59 49
3 61 66
3 64 82
3 66 62
3 67 41
3 72 48
3 74 60
3 78 66
3 80 76
3 85 78
3 87 83
3 88 45
3 89 97
3 90 61
3 92 76
3 93 93
3 94 43
3 95 16
3 98 97
4 0 6
4 1 51
4 3 30
4 6 60
4 8 16
4 10 31
4 12 65
4 15 53
4 16 61
4 20 11
4 23 39
4 25 20
4 27 61
4 30 16
4 32 14
4 37 61
4 38 74
4 39 18
4 40 57
4 43 4
4 45 58
4 48 30
4 49 37
4 50 2
4 52 22
4 54 42
4 57 94
4 61 47
4 62 63
4 64 28
4 65 69
4 66 86
4 68 47
4 70 94
4 76 5
4 78 37
4 81 90
4 86 5
4 87 90
4 88 55
4 89 43
4 92 54
4 93 65
4 97 72
4 99 62
5 1 98
5 2 10
5 4 32
5 12 54
5 29 77
5 30 47
5 34 92
5 35 16
5 39 92
5 41 75
5 42 37
5 48 4
5 49 5
5 50 31
5 54 54
5 57 57
5 63 10
5 64 91
5 65 71
5 66 47
5 75 14
5 78 24
5 81 87
5 87 11
5 90 41
5 91 2
5 92 71
5 94 5
5 95 25
5 96 48
6 0 30
6 1 38
6 5 43
6 8 29
6 11 70
6 12 55
6 14 77
6 17 48
6 18 33
6 20 93
6 24 48
6 25 14
6 27 54
6 28 29
6 29 14
6 31 59
6 35 69
6 38 36
6 41 47
6 42 48
6 44 93
6 46 99
6 47 74
6 50 55
6 56 65
6 58 93
6 60 53
6 64 62
6 65 82
6 68 41
6 70 98
6 72 53
6 80 27
6 82 98
6 83 54
6 84 76
6 87 96
6 88 78
7 0 15
7 1 74
7 4 32
7 5 50
7 6 5
7 8 64
7 11 50
7 13 53
7 14 84
7 15 88
7 19 6
7 23 60
7 24 89
7 30 26
7 34 40
7 37 41
7 38 53
7 39 26
7 40 91
7 45 13
7 46 22
7 50 27
7 51 48
7 52 26
7 54 82
7 60 77
7 62 9
7 63 53
7 64 44
7 66 23
7 67 39
7 71 30
7 74 74
7 79 78
7 81 63
7 82 57
7 86 93
7 87 34
7 92 26
7 93 80
7 96 21
7 97 29
7 99 77
8 0 56
8 2 1
8 3 45
8 9 45
8 10 65
8 11 78
8 14 91
8 16 9
8 17 52
8 22 98
8 23 52
8 30 93
8 32 8
8 33 4
8 37 79
8 38 6
8 42 79
8 45 78
8 52 88
8 55 45
8 57 75
8 58 14
8 62 57
8 64 81
8 68 52
8 70 65
8 72 38
8 74 67
8 75 81
8 79 43
8 82 8
8 83 90
8 87 47
8 89 20
8 90 22
8 96 55
8 98 74
8 99 96
9 1 15
9 3 78
9 4 36
9 6 15
9 10 10
9 12 53
9 19 82
9 24 27
9 26 42
9 27 26
9 33 60
9 37 10
9 39 9
9 41 97
9 46 28
9 47 12
9 49 53
9 51 32
9 53 37
9 58 56
9 59 44
9 61 31
9 63 27
9 65 73
9 66 6
9 74 87
9 79 43
9 80 16
9 86 67
9 88 49
9 89 8
9 91 1
9 96 61
9 98 64
9 99 48
10 2 58
10 6 48
10 7 91
10 14 70
10 15 79
10 16 9
10 18 62
10 20 29
10 23 33
10 26 36
10 27 53
10 28 21
10 30 83
10 32 76
10 39 77
10 40 29
10 43 35
10 47 94
10 49 61
10 50 44
10 52 77
10 53 27
10 57 40
10 58 50
10 59 57
10 60 1
10 64 75
10 66 25
10 68 14
10 69 11
10 72 85
10 75 87
10 78 33
10 81 46
10 82 95
10 84 19
10 87 46
10 88 13
10 90 59
10 92 53
11 0 79
11 2 21
11 3 89
11 4 41
11 5 30
11 9 58
11 13 85
11 15 36
11 16 29
11 27 95
11 28 48
11 29 32
11 38 64
11 41 27
11 43 99
11 48 15
11 50 46
11 52 39
11 53 58
11 56 71
11 58 87
11 59 60
11 63 65
11 65 50
11 66 86
11 67 55
11 68 99
11 69 49
11 71 29
11 72 82
11 74 28
11 75 68
11 76 65
11 77 41
11 83 21
11 91 20
11 93 82
11 96 70
12 0 21
12 1 11
12 2 92
12 7 11
12 8 89
12 10 36
12 11 62
12 14 56
12 15 14
12 16 77
12 17 63
12 18 31
12 20 84
12 21 41
12 22 90
12 24 78
12 25 68
12 26 43
12 28 79
12 33 48
12 34 59
12 36 27
12 38 33
12 40 13
12 41 58
12 44 26
12 51 1
12 57 58
12 59 23
12 61 33
12 63 21
12 64 37
12 65 47
12 66 13
12 68 61
12 70 93
12 71 87
12 78 29
12 81 56
12 84 48
12 85 16
12 86 32
12 91 64
12 92 80
12 94 14
13 6 66
13 9 26
13 12 50
13 14 91
13 15 67
13 21 80
13 24 60
13 25 97
13 28 74
13 29 54
13 30 42
13 32 71
13 37 77
13 39 3
13 41 88
13 45 59
13 48 88
13 49 70
13 51 45
13 52 35
13 53 37
13 59 28
13 64 69
13 66 77
13 68 46
13 70 28
13 72 97
13 74 14
13 79 70
13 81 36
13 88 22
13 90 96
13 91 7
13 94 73
14 0 97
14 2 33
14 4 10
14 9 20
14 11 23
14 15 70
14 16 31
14 17 41
14 20 36
14 25 53
14 26 32
14 30 43
14 34 1
14 35 80
14 37 29
14 38 54
14 40 96
14 41 35
14 42 20
14 44 70
14 46 58
14 47 54
14 54 38
14 56 26
14 60 80
14 61 85
14 62 77
14 68 69
14 71 42
14 75 51
14 77 74
14 80 82
14 85 9
14 86 73
14 91 40
14 98 12
15 3 76
15 5 26
15 8 98
15 9 92
15 16 10
15 17 76
15 18 81
15 19 95
15 26 34
15 27 87
15 28 95
15 30 87
15 31 27
15 34 83
15 35 14
15 37 15
15 43 76
15 45 63
15 46 2
15 49 97
15 54 44
15 56 79
15 58 49
15 61 27
15 63 93
15 64 23
15 65 68
15 67 23
15 71 32
15 74 55
15 75 76
15 82 20
15 86 58
15 87 56
15 90 67
15 91 93
15 93 63
15 94 86
15 96 77
15 97 48
16 0 87
16 7 15
16 13 68
16 17 42
16 22 71
16 31 10
16 33 16
16 35 92
16 36 13
16 40 50
16 43 23
16 44 78
16 47 36
16 50 27
16 51 53
16 52 22
16 58 39
16 59 56
16 60 64
16 61 68
16 63 25
16 64 5
16 65 25
16 68 56
16 71 85
16 72 50
16 78 79
16 80 28
16 82 79
16 89 79
16 94 45
16 97 71
16 98 28
16 99 52
17 0 43
17 7 81
17 11 17
17 18 62
17 22 79
17 25 69
17 27 66
17 28 65
17 29 55
17 31 18
17 34 13
17 35 62
17 36 96
17 37 56
17 38 99
17 39 39
17 40 55
17 44 97
17 45 38
17 53 68
17 55 28
17 58 63
17 62 44
17 63 31
17 70 35
17 71 77
17 72 39
17 76 14
17 81 62
17 86 2
17 92 94
17 95 81
18 1 25
18 4 56
18 5 3
18 9 45
18 13 5
18 14 36
18 19 98
18 22 37
18 26 97
18 27 56
18 28 14
18 33 81
18 35 57
18 37 12
18 41 78
18 44 72
18 48 2
18 50 6
18 51 38
18 55 64
18 68 44
18 72 22
18 86 62
18 87 76
18 88 20
18 90 28
18 92 47
18 93 92
18 95 30
18 96 87
18 97 7
18 99 58
19 0 15
19 2 77
19 3 19
19 5 75
19 8 78
19 10 37
19 11 52
19 12 71
19 13 54
19 14 41
19 16 62
19 20 9
19 23 96
19 26 43
19 30 6
19 36 86
19 38 53
19 45 78
19 46 17
19 51 31
19 54 72
19 56 17
19 61 48
19 62 14
19 64 26
19 65 30
19 67 84
19 69 54
19 71 33
19 72 7
19 73 90
19 75 66
19 79 34
19 83 65
19 84 3
19 85 7
19 92 99
19 93 99
19 94 49
19 99 79
20 0 23
20 1 14
20 5 21
20 9 75
20 11 48
20 13 5
20 17 94
20 18 47
20 21 20
20 29 20
20 31 18
20 33 21
20 36 6
20 37 4
20 41 36
20 48 57
20 54 49
20 65 53
20 67 33
20 70 27
20 75 73
20 76 75
20 77 57
20 79 22
20 83 2
20 84 15
20 85 67
20 87 7
20 91 72
20 93 62
20 97 37
20 98 9
21 2 65
21 3 96
21 4 64
21 5 62
21 9 89
21 10 10
21 11 45
21 15 77
21 17 70
21 22 92
21 23 23
21 25 42
21 26 41
21 28 81
21 29 21
21 34 34
21 36 38
21 37 89
21 48 15
21 52 82
21 57 26
21 58 23
21 61 75
21 67 10
21 71 45
21 75 59
21 77 56
21 78 54
21 82 54
21 89 62
21 90 71
21 93 38
21 96 90
21 99 63
22 4 51
22 5 4
22 9 83
22 10 11
22 13 29
22 19 53
22 27 5
22 30 92
22 31 16
22 32 53
22 37 64
22 38 30
22 39 66
22 43 22
22 45 15
22 47 46
22 51 34
22 54 60
22 55 55
22 56 81
22 64 15
22 66 48
22 67 73
22 69 73
22 71 2
22 72 70
22 75 72
22 78 22
22 81 58
22 84 81
22 86 38
22 87 37
22 89 90
22 90 58
22 92 41
22 98 25
22 99 16
23 0 68
23 2 38
23 3 16
23 6 31
23 9 36
23 12 69
23 18 99
23 20 80
23 22 78
23 25 95
23 26 88
23 27 49
23 28 8
23 31 54
23 39 83
23 41 77
23 42 81
23 44 98
23 45 30
23 46 32
23 47 31
23 50 74
23 51 19
23 52 52
23 54 11
23 56 60
23 58 43
23 60 96
23 61 85
23 62 58
23 63 94
23 65 45
23 68 94
23 69 69
23 70 26
23 71 38
23 73 34
23 79 12
23 81 45
23 83 13
23 85 94
23 86 75
23 89 77
23 95 1
23 99 97
24 0 82
24 5 46
24 10 93
24 11 58
24 15 24
24 16 93
24 17 62
24 18 84
24 21 37
24 26 46
24 29 6
24 33 22
24 35 70
24 37 97
24 38 44
24 43 75
24 44 65
24 52 94
24 54 33
24 60 87
24 62 87
24 65 79
24 73 98
24 75 66
24 78 43
24 79 43
24 80 31
24 84 54
24 85 44
24 92 33
24 94 10
24 98 33
25 1 43
25 3 46
25 8 14
25 9 21
25 16 39
25 18 60
25 19 22
25 24 52
25 28 47
25 30 64
25 31 5
25 36 91
25 38 65
25 39 28
25 42 77
25 48 67
25 49 1
25 54 29
25 56 41
25 58 15
25 59 40
25 60 29
25 65 52
25 68 35
25 72 46
25 73 90
25 76 68
25 79 65
25 81 8
25 83 4
25 84 71
25 85 34
25 87 46
25 89 7
25 90 88
25 95 31
26 1 51
26 4 26
26 5 28
26 6 48
26 7 22
26 16 26
26 25 79
26 27 37
26 29 87
26 32 68
26 36 26
26 43 82
26 44 4
26 45 82
26 48 62
26 53 69
26 56 15
26 60 29
26 61 72
26 63 6
26 65 44
26 67 18
26 69 80
26 73 38
26 78 92
26 80 81
26 81 12
26 82 2
26 84 14
26 85 94
26 86 21
26 87 47
26 88 59
26 91 3
26 93 73
26 96 22
26 98 62
26 99 2
27 0 64
27 1 70
27 3 66
27 5 53
27 8 66
27 12 42
27 13 85
27 16 5
27 19 40
27 20 87
27 24 42
27 25 28
27 28 82
27 32 55
27 33 31
27 34 52
27 37 28
27 42 97
27 43 34
27 44 30
27 45 44
27 48 79
27 49 88
27 50 54
27 51 68
27 55 76
27 56 66
27 57 30
27 62 51
27 64 49
27 65 91
27 68 77
27 71 38
27 78 41
27 79 16
27 80 55
27 90 60
27 92 89
27 94 58
27 98 99
27 99 36
28 2 44
28 7 96
28 8 15
28 16 27
28 20 17
28 24 52
28 29 56
28 31 59
28 33 33
28 38 65
28 43 68
28 44 93
28 50 7
28 52 10
28 54 82
28 62 51
28 67 88
28 69 92
28 70 27
28 73 13
28 74 2
28 80 66
28 82 18
28 87 1
28 97 97
28 99 60
29 1 25
29 2 49
29 3 45
29 4 35
29 12 71
29 14 16
29 16 11
29 18 19
29 19 92
29 22 62
29 30 87
29 32 9
29 33 18
29 39 89
29 40 20
29 44 66
29 47 88
29 49 56
29 51 12
29 59 27
29 60 51
29 61 34
29 62 31
29 63 3
29 64 75
29 68 87
29 69 78
29 80 34
29 84 89
29 86 82
29 88 90
29 95 1
29 99 2
30 6 20
30 9 58
30 12 90
30 16 48
30 17 22
30 21 43
30 23 5
30 24 21
30 26 37
30 27 98
30 32 63
30 36 56
30 37 8
30 40 30
30 41 33
30 44 74
30 46 41
30 48 39
30 52 68
30 54 11
30 56 82
30 60 58
30 65 57
30 66 57
30 67 62
30 68 39
30 70 29
30 74 98
30 75 68
30 78 76
30 82 61
30 83 60
30 84 5
30 85 92
30 89 26
30 90 78
30 91 89
30 97 11
30 99 65
31 0 88
31 2 88
31 3 34
31 5 80
31 8 32
31 9 61
31 13 85
31 14 71
31 19 95
31 21 48
31 29 69
31 34 86
31 41 50
31 44 31
31 49 46
31 50 95
31 53 91
31 55 49
31 58 2
31 61 41
31 63 63
31 66 59
31 70 50
31 77 90
31 78 93
31 79 67
31 80 23
31 81 58
31 84 34
31 85 83
31 86 32
31 94 52
31 98 7
31 99 15
32 5 55
32 6 96
32 9 70
32 11 4
32 12 16
32 15 51
32 16 32
32 20 66
32 21 40
32 24 42
32 25 13
32 34 15
32 36 37
32 38 6
32 39 57
32 40 58
32 43 2
32 44 45
32 45 21
32 46 15
32 47 37
32 48 36
32 49 96
32 50 90
32 51 52
32 52 7
32 54 14
32 57 68
32 58 35
32 59 25
32 62 47
32 65 28
32 69 72
32 70 82
32 72 13
32 75 92
32 76 10
32 79 26
32 82 8
32 83 26
32 84 47
32 87 85
32 88 51
32 90 41
32 91 84
32 94 94
33 1 77
33 2 26
33 7 32
33 11 22
33 13 26
33 15 56
33 17 40
33 19 77
33 21 65
33 22 11
33 23 30
33 25 72
33 32 97
33 35 48
33 39 74
33 40 85
33 43 99
33 44 3
33 45 21
33 46 54
33 48 91
33 50 41
33 53 93
33 54 37
33 55 18
33 59 64
33 60 87
33 66 33
33 68 5
33 69 44
33 71 64
33 72 26
33 73 10
33 76 53
33 78 24
33 79 25
33 82 20
33 91 2
33 92 32
33 94 31
33 97 9
34 2 93
34 4 97
34 9 96
34 11 24
34 13 48
34 18 89
34 19 16
34 22 10
34 23 3
34 24 99
34 28 71
34 30 19
34 33 26
34 35 94
34 41 81
34 45 13
34 46 37
34 49 3
34 54 55
34 55 24
34 57 54
34 64 46
34 69 99
34 71 67
34 73 2
34 74 13
34 79 62
34 82 20
34 85 86
34 87 7
34 88 51
34 90 61
34 92 46
34 94 60
34 95 85
34 97 84
34 99 85
35 1 73
35 4 44
35 7 53
35 8 19
35 9 78
35 10 10
35 11 17
35 13 15
35 19 85
35 20 74
35 21 30
35 22 72
35 25 83
35 27 3
35 28 38
35 30 65
35 40 94
35 41 10
35 42 2
35 43 80
35 45 38
35 46 74
35 47 90
35 48 72
35 52 21
35 58 3
35 59 38
35 61 96
35 63 90
35 64 15
35 65 94
35 66 52
35 69 91
35 71 40
35 75 1
35 78 68
35 80 64
35 83 66
35 86 45
35 87 90
35 89 20
35 93 62
35 96 92
36 1 7
36 4 16
36 5 49
36 7 56
36 9 40
36 11 57
36 13 33
36 14 68
36 15 47
36 22 80
36 31 10
36 33 92
36 35 34
36 37 69
36 39 75
36 40 58
36 42 64
36 43 92
36 46 21
36 53 82
36 54 93
36 55 50
36 56 49
36 57 46
36 58 82
36 59 23
36 61 38
36 62 31
36 67 47
36 68 38
36 71 76
36 78 54
36 80 41
36 81 21
36 87 45
36 89 65
36 90 22
36 91 35
36 97 55
37 0 29
37 1 53
37 3 77
37 5 97
37 10 62
37 16 95
37 23 5
37 29 34
37 31 57
37 32 27
37 33 14
37 34 72
37 40 64
37 41 28
37 50 15
37 51 46
37 52 52
37 57 89
37 58 19
37 60 53
37 61 94
37 62 78
37 63 77
37 66 22
37 67 4
37 69 37
37 70 62
37 73 73
37 74 13
37 79 48
37 81 95
37 83 33
37 84 17
37 85 69
37 86 48
37 92 41
38 0 59
38 1 17
38 9 87
38 10 42
38 13 30
38 18 7
38 20 58
38 23 50
38 26 6
38 27 80
38 29 86
38 33 69
38 34 44
38 35 92
38 36 10
38 39 55
38 42 33
38 47 70
38 48 88
38 59 33
38 64 54
38 65 43
38 71 33
38 72 47
38 76 1
38 77 1
38 80 5
38 82 46
38 84 74
38 95 92
38 97 88
38 99 88
39 3 61
39 11 45
39 12 95
39 14 78
39 15 74
39 16 21
39 18 7
39 19 14
39 20 19
39 21 50
39 28 96
39 30 11
39 31 31
39 34 6
39 35 40
39 37 93
39 40 94
39 41 56
39 42 64
39 45 78
39 46 91
39 50 26
39 51 51
39 54 47
39 55 68
39 57 25
39 62 9
39 65 38
39 66 35
39 80 96
39 82 31
39 83 29
39 89 81
39 92 11
39 93 12
39 96 47
39 97 10
39 98 89
40 2 23
40 6 69
40 8 43
40 13 16
40 18 77
40 19 66
40 21 40
40 23 56
40 28 98
40 31 60
40 34 17
40 38 94
40 41 49
40 42 18
40 43 51
40 47 76
40 48 33
40 49 57
40 51 70
40 57 13
40 58 11
40 61 96
40 64 97
40 66 28
40 67 38
40 70 54
40 71 22
40 78 43
40 83 89
40 84 40
40 86 85
40 88 15
40 91 19
40 92 66
40 94 76
40 96 82
40 98 52
41 0 83
41 2 26
41 4 57
41 7 45
41 15 39
41 17 61
41 21 90
41 22 50
41 26 29
41 27 79
41 28 92
41 29 87
41 33 9
41 36 48
41 45 62
41 46 5
41 49 60
41 50 60
41 52 43
41 54 89
41 56 8
41 60 91
41 61 69
41 65 64
41 69 62
41 70 99
41 72 79
41 75 34
41 76 37
41 80 71
41 82 78
41 84 97
41 86 90
41 87 47
41 95 23
41 98 62
41 99 56
42 0 6
42 4 60
42 7 8
42 11 66
42 13 47
42 15 60
42 16 14
42 17 2
42 18 50
42 20 90
42 22 78
42 33 11
42 34 22
42 41 47
42 43 61
42 46 83
42 48 94
42 50 12
42 53 84
42 55 11
42 64 51
42 66 86
42 70 72
42 72 77
42 74 95
42 78 18
42 79 37
42 81 33
42 82 92
42 95 98
43 1 95
43 2 77
43 6 45
43 8 91
43 9 31
43 14 11
43 17 82
43 18 28
43 20 60
43 23 6
43 25 96
43 29 21
43 30 47
43 34 44
43 37 63
43 38 82
43 39 31
43 45 57
43 46 44
43 47 69
43 51 86
43 52 25
43 53 59
43 58 39
43 65 58
43 70 5
43 71 7
43 74 23
43 78 46
43 80 23
43 91 44
43 92 67
43 93 95
43 95 7
43 96 59
43 98 84
44 1 56
44 2 72
44 5 70
44 7 6
44 11 19
44 13 99
44 15 53
44 19 33
44 20 56
44 22 28
44 25 17
44 34 98
44 35 38
44 36 13
44 37 82
44 39 27
44 40 60
44 41 86
44 42 42
44 47 85
44 48 43
44 49 99
44 51 43
44 53 10
44 55 54
44 66 43
44 73 60
44 74 22
44 76 6
44 77 2
44 83 96
44 85 54
44 88 92
44 91 64
44 93 5
44 96 57
45 1 79
45 9 23
45 10 78
45 12 33
45 14 68
45 16 89
45 21 70
45 25 86
45 29 36
45 30 5
45 31 76
45 36 48
45 37 50
45 38 89
45 42 62
45 44 90
45 49 71
45 50 30
45 55 82
45 57 74
45 60 30
45 63 37
45 66 40
45 68 97
45 69 40
45 71 30
45 73 88
45 75 39
45 79 98
45 80 97
45 86 97
45 87 25
45 91 52
45 93 70
45 99 78
46 1 65
46 4 57
46 8 47
46 11 99
46 12 81
46 20 17
46 21 85
46 24 11
46 25 15
46 26 89
46 29 53
46 31 61
46 37 99
46 40 63
46 44 62
46 45 71
46 49 34
46 52 39
46 53 19
46 54 40
46 55 23
46 56 90
46 58 25
46 60 22
46 61 97
46 63 63
46 65 90
46 66 18
46 75 63
46 78 64
46 79 60
46 81 71
46 83 44
46 87 65
46 89 63
46 92 64
46 94 77
46 97 27
47 0 11
47 3 49
47 4 84
47 7 13
47 11 3
47 12 53
47 17 57
47 21 66
47 24 59
47 25 33
47 27 28
47 30 6
47 39 66
47 42 82
47 46 29
47 48 79
47 49 43
47 53 79
47 57 10
47 58 15
47 59 97
47 62 1
47 64 32
47 65 52
47 67 29
47 69 53
47 70 16
47 78 73
47 79 52
47 80 40
47 82 33
47 85 11
47 87 41
47 89 45
47 95 52
47 96 21
47 99 6
48 0 37
48 1 9
48 2 98
48 6 56
48 8 50
48 9 76
48 10 31
48 12 14
48 14 66
48 16 6
48 17 83
48 22 44
48 23 43
48 24 43
48 29 69
48 31 81
48 34 44
48 36 90
48 43 89
48 45 96
48 50 16
48 52 55
48 55 82
48 56 43
48 61 78
48 69 46
48 72 24
48 75 90
48 77 68
48 80 75
48 84 96
48 86 42
48 87 84
48 90 58
48 98 5
49 0 74
49 6 88
49 7 56
49 11 37
49 14 73
49 16 19
49 17 51
49 19 73
49 21 32
49 24 13
49 26 61
49 30 59
49 33 52
49 35 34
49 36 75
49 38 59
49 42 58
49 43 35
49 48 91
49 52 34
49 53 2
49 57 88
49 59 97
49 62 93
49 68 80
49 69 7
49 71 1
49 74 69
49 77 93
49 85 66
49 86 62
49 87 79
49 88 62
49 90 89
49 94 94
49 96 36
49 98 83
50 9 98
50 12 87
50 14 61
50 17 23
50 19 96
50 20 80
50 22 62
50 26 12
50 29 56
50 30 66
50 36 5
50 38 28
50 40 73
50 46 44
50 47 96
50 49 52
50 52 3
50 57 32
50 58 62
50 59 86
50 61 65
50 62 50
50 69 7
50 71 68
50 74 87
50 76 83
50 80 7
50 89 92
50 96 30
50 98 59
51 3 86
51 4 68
51 6 8
51 8 36
51 10 59
51 15 5
51 17 50
51 31 78
51 33 81
51 34 17
51 36 14
51 38 72
51 41 35
51 42 96
51 46 71
51 47 49
51 48 82
51 49 98
51 50 57
51 56 84
51 58 99
51 60 81
51 63 50
51 67 34
51 71 28
51 73 64
51 77 74
51 83 64
51 84 50
51 91 54
51 92 73
51 94 60
51 97 41
52 0 94
52 3 53
52 5 24
52 6 29
52 9 62
52 15 20
52 17 10
52 18 30
52 19 73
52 20 39
52 22 7
52 26 58
52 29 11
52 38 33
52 39 20
52 40 70
52 44 96
52 51 37
52 54 19
52 59 42
52 60 76
52 65 68
52 68 17
52 72 25
52 73 25
52 74 93
52 76 83
52 77 66
52 80 56
52 81 96
52 85 83
52 87 16
52 88 99
52 92 81
52 93 92
52 96 52
52 97 43
53 4 24
53 6 89
53 7 50
53 14 86
53 19 88
53 20 51
53 21 96
53 22 68
53 25 78
53 28 25
53 29 95
53 32 90
53 34 97
53 35 27
53 37 8
53 38 34
53 39 34
53 41 28
53 55 42
53 56 13
53 58 36
53 59 37
53 61 92
53 63 47
53 64 32
53 67 96
53 68 45
53 69 48
53 71 15
53 72 6
53 73 70
53 78 88
53 79 26
53 82 16
53 84 55
53 88 56
53 90 70
53 99 72
54 1 82
54 2 94
54 6 83
54 8 31
54 9 57
54 11 66
54 16 98
54 18 95
54 27 14
54 29 6
54 35 11
54 37 16
54 38 13
54 40 43
54 53 56
54 56 38
54 57 70
54 61 10
54 64 12
54 66 65
54 67 38
54 69 27
54 82 12
54 83 57
54 87 65
54 89 70
54 90 21
54 94 54
54 95 46
54 98 10
54 99 38
55 1 63
55 7 69
55 14 89
55 16 3
55 19 27
55 20 51
55 21 85
55 23 51
55 24 36
55 25 12
55 30 86
55 32 7
55 37 51
55 40 37
55 41 38
55 50 70
55 51 26
55 54 87
55 57 29
55 61 33
55 63 93
55 66 85
55 68 17
55 73 84
55 74 90
55 80 80
55 82 21
55 83 52
55 86 57
55 88 71
55 89 69
55 92 98
55 93 89
55 95 61
56 0 90
56 5 39
56 7 5
56 8 70
56 9 40
56 10 82
56 12 31
56 13 24
56 17 10
56 20 21
56 28 85
56 29 97
56 31 40
56 32 79
56 34 7
56 37 7
56 38 64
56 43 60
56 45 9
56 50 15
56 55 2
56 59 64
56 63 71
56 64 84
56 65 10
56 68 23
56 69 98
56 72 61
56 77 54
56 79 63
56 82 17
56 83 3
56 89 27
56 91 31
56 93 2
56 97 16
56 98 63
56 99 81
57 0 65
57 3 94
57 9 71
57 13 75
57 14 41
57 15 74
57 16 3
57 18 96
57 19 79
57 20 59
57 22 45
57 24 36
57 25 73
57 26 8
57 28 32
57 29 48
57 31 88
57 38 68
57 41 92
57 43 42
57 52 46
57 53 43
57 56 85
57 58 58
57 59 37
57 64 93
57 65 79
57 66 18
57 67 73
57 68 73
57 76 20
57 78 37
57 79 16
57 84 99
57 85 85
57 89 90
57 92 83
57 93 70
57 94 80
57 97 78
57 99 27
58 2 58
58 4 48
58 7 86
58 13 49
58 14 10
58 19 74
58 20 22
58 24 44
58 29 44
58 33 8
58 34 9
58 38 53
58 39 93
58 41 54
58 44 84
58 45 56
58 52 50
58 54 44
58 56 49
58 60 44
58 61 99
58 62 48
58 64 50
58 65 66
58 66 66
58 67 90
58 68 8
58 69 89
58 72 77
58 78 78
58 80 87
58 82 81
58 84 80
58 87 63
58 88 45
58 91 92
58 94 66
58 96 68
58 97 33
58 99 77
59 2 64
59 4 47
59 5 81
59 6 87
59 7 31
59 14 1
59 18 31
59 20 57
59 21 34
59 23 63
59 24 90
59 26 19
59 27 14
59 28 97
59 31 24
59 37 24
59 40 81
59 41 80
59 43 74
59 44 80
59 48 51
59 51 49
59 54 84
59 58 34
59 60 97
59 61 16
59 62 33
59 63 4
59 65 31
59 66 89
59 67 39
59 68 70
59 70 97
59 72 88
59 74 84
59 75 31
59 76 9
59 77 41
59 82 26
59 83 96
59 85 19
59 88 48
59 90 55
59 93 9
59 94 64
59 95 35
59 99 17
60 0 8
60 1 57
60 2 23
60 5 57
60 9 1
60 11 62
60 12 81
60 18 46
60 20 37
60 21 8
60 22 13
60 27 92
60 28 16
60 31 76
60 32 54
60 35 52
60 36 27
60 38 22
60 39 56
60 40 22
60 42 25
60 43 91
60 47 48
60 49 58
60 50 43
60 56 16
60 57 86
60 61 87
60 63 24
60 64 92
60 68 27
60 73 46
60 77 88
60 78 16
60 79 85
60 88 52
60 93 37
60 94 84
60 95 53
60 96 88
61 5 85
61 6 14
61 7 35
61 8 25
61 11 65
61 13 27
61 17 73
61 18 52
61 22 42
61 24 21
61 25 5
61 28 19
61 30 24
61 32 63
61 33 80
61 34 8
61 38 15
61 39 60
61 42 43
61 44 79
61 45 41
61 51 7
61 52 49
61 56 36
61 57 32
61 62 73
61 66 32
61 68 12
61 69 95
61 72 15
61 73 46
61 74 9
61 88 39
61 91 75
61 93 57
61 98 20
62 2 19
62 3 34
62 5 56
62 6 28
62 10 89
62 13 57
62 16 90
62 18 85
62 21 77
62 22 99
62 25 58
62 26 79
62 31 65
62 34 97
62 38 97
62 40 57
62 42 49
62 45 46
62 46 10
62 51 56
62 52 20
62 53 94
62 54 73
62 55 18
62 56 8
62 57 7
62 60 14
62 64 96
62 76 57
62 79 23
62 80 76
62 84 49
62 85 79
62 86 94
62 90 15
62 91 60
62 92 62
62 93 75
62 97 80
63 1 3
63 2 87
63 3 8
63 4 74
63 6 12
63 10 4
63 13 93
63 14 50
63 18 74
63 19 88
63 21 28
63 24 56
63 27 84
63 28 95
63 32 4
63 38 66
63 41 15
63 42 73
63 43 57
63 47 19
63 49 87
63 50 81
63 52 82
63 57 61
63 58 21
63 64 8
63 67 75
63 69 4
63 72 79
63 74 14
63 78 86
63 80 4
63 86 26
63 87 30
63 88 44
63 96 53
63 98 50
63 99 95
64 1 10
64 9 93
64 11 41
64 14 68
64 17 97
64 18 41
64 20 45
64 21 50
64 24 67
64 25 69
64 31 66
64 32 62
64 33 83
64 36 46
64 41 54
64 45 87
64 46 23
64 48 30
64 50 76
64 52 57
64 55 33
64 61 22
64 65 30
64 66 16
64 74 40
64 79 19
64 82 27
64 84 59
64 85 19
64 86 76
64 91 31
64 93 66
64 97 60
65 0 57
65 3 59
65 7 20
65 8 91
65 14 1
65 18 66
65 28 53
65 29 21
65 33 8
65 36 1
65 40 34
65 44 55
65 48 92
65 51 32
65 53 54
65 54 15
65 60 45
65 62 11
65 63 15
65 67 85
65 68 37
65 70 89
65 71 34
65 72 18
65 73 13
65 77 55
65 78 84
65 80 26
65 83 76
65 88 35
65 91 40
65 93 34
65 94 77
65 96 52
65 99 10
66 2 94
66 15 12
66 17 75
66 19 54
66 20 24
66 23 40
66 24 81
66 26 77
66 29 50
66 32 79
66 34 66
66 36 8
66 38 29
66 41 42
66 47 66
66 48 5
66 50 85
66 51 58
66 53 86
66 60 59
66 62 51
66 63 90
66 65 57
66 68 8
66 74 23
66 78 40
66 79 75
66 81 78
66 84 15
66 89 81
66 94 49
66 95 52
66 96 73
66 98 39
66 99 23
67 4 44
67 9 26
67 10 56
67 13 44
67 18 24
67 23 38
67 33 79
67 34 11
67 35 60
67 38 80
67 43 93
67 44 62
67 46 8
67 48 68
67 55 36
67 56 66
67 62 28
67 64 38
67 66 42
67 70 39
67 71 15
67 72 47
67 78 52
67 80 69
67 83 62
67 84 50
67 85 31
67 90 46
67 92 74
67 96 66
68 0 90
68 1 53
68 15 9
68 19 47
68 20 55
68 21 32
68 22 30
68 26 18
68 28 76
68 31 43
68 35 18
68 38 61
68 39 21
68 40 33
68 41 6
68 43 35
68 44 97
68 48 54
68 50 4
68 54 43
68 62 44
68 63 67
68 64 97
68 67 72
68 72 13
68 74 59
68 76 12
68 82 55
68 84 64
68 85 66
68 86 77
68 88 73
68 90 80
68 94 17
68 99 73
69 0 24
69 1 33
69 4 66
69 5 42
69 6 17
69 7 43
69 8 48
69 9 49
69 12 11
69 15 99
69 18 19
69 20 94
69 21 70
69 24 65
69 25 55
69 30 19
69 36 37
69 38 10
69 39 19
69 42 8
69 43 47
69 46 4
69 52 27
69 55 42
69 62 63
69 64 55
69 65 84
69 66 69
69 67 81
69 71 36
69 74 88
69 75 80
69 76 29
69 80 26
69 81 59
69 85 88
69 86 95
69 88 41
69 91 72
69 92 19
69 93 35
69 94 72
69 96 57
70 1 10
70 2 56
70 7 21
70 9 54
70 10 81
70 11 29
70 15 31
70 18 2
70 21 13
70 22 90
70 24 67
70 25 23
70 29 54
70 35 8
70 36 74
70 44 95
70 45 94
70 48 98
70 52 56
70 56 82
70 60 95
70 62 60
70 63 35
70 66 47
70 68 23
70 69 3
70 71 37
70 72 83
70 75 58
70 79 25
70 80 13
70 82 69
70 83 74
70 85 57
70 95 99
70 96 7
70 99 1
71 1 41
71 3 28
71 4 19
71 5 4
71 6 21
71 9 36
71 10 22
71 18 8
71 24 56
71 25 52
71 26 43
71 32 63
71 37 84
71 39 76
71 41 78
71 42 27
71 44 48
71 55 17
71 56 35
71 57 45
71 58 17
71 59 37
71 61 24
71 62 84
71 63 64
71 64 36
71 66 60
71 68 56
71 72 33
71 74 97
71 75 13
71 77 23
71 82 19
71 83 3
71 84 40
71 94 5
71 98 64
72 1 31
72 4 86
72 7 35
72 9 95
72 14 85
72 15 83
72 20 19
72 21 32
72 26 43
72 28 33
72 30 94
72 31 31
72 34 96
72 36 24
72 37 94
72 43 82
72 46 46
72 49 52
72 50 18
72 51 53
72 60 92
72 64 29
72 66 83
72 69 14
72 73 28
72 74 89
72 76 62
72 79 81
72 81 41
72 83 18
72 84 40
72 85 24
72 86 31
72 89 43
72 95 56
73 4 98
73 6 81
73 7 65
73 9 5
73 10 65
73 11 62
73 12 46
73 13 8
73 15 57
73 18 21
73 21 96
73 22 80
73 29 95
73 30 18
73 31 74
73 36 72
73 38 59
73 39 97
73 41 34
73 43 64
73 46 69
73 47 49
73 49 97
73 54 78
73 56 36
73 57 90
73 58 19
73 59 48
73 63 58
73 66 43
73 68 86
73 69 81
73 71 47
73 76 46
73 77 96
73 79 55
73 86 68
73 89 34
73 90 60
73 91 37
73 92 23
73 93 46
74 4 73
74 5 37
74 6 42
74 10 80
74 16 39
74 17 8
74 19 35
74 20 62
74 21 34
74 23 44
74 25 6
74 27 5
74 31 91
74 32 7
74 35 90
74 38 26
74 40 46
74 41 11
74 45 40
74 46 23
74 48 64
74 56 29
74 57 62
74 58 26
74 62 59
74 65 11
74 70 98
74 73 17
74 75 23
74 78 13
74 79 5
74 82 83
74 83 70
74 85 74
74 87 96
74 88 64
74 90 30
74 93 59
74 95 50
74 96 24
74 99 79
75 3 31
75 4 13
75 12 71
75 13 21
75 17 66
75 18 96
75 26 27
75 27 51
75 36 59
75 37 85
75 38 92
75 40 71
75 42 23
75 43 19
75 47 32
75 50 78
75 52 68
75 53 99
75 54 52
75 55 89
75 56 77
75 60 90
75 61 9
75 62 93
75 63 79
75 65 93
75 66 53
75 67 63
75 73 79
75 76 55
75 78 85
75 80 59
75 84 33
75 85 40
75 94 62
75 95 35
76 5 29
76 9 75
76 12 5
76 13 42
76 14 36
76 15 7
76 16 20
76 21 3
76 24 69
76 26 91
76 27 77
76 28 84
76 30 27
76 31 47
76 35 68
76 36 66
76 37 3
76 42 50
76 46 78
76 47 26
76 48 9
76 53 63
76 60 63
76 61 90
76 64 84
76 66 33
76 70 29
76 71 99
76 77 21
76 78 88
76 80 74
76 81 75
76 85 68
76 87 63
76 91 13
76 92 90
76 96 56
76 98 23
77 3 34
77 4 19
77 6 25
77 7 16
77 8 93
77 9 60
77 10 18
77 15 78
77 16 10
77 17 29
77 18 92
77 23 51
77 24 37
77 25 52
77 28 55
77 30 96
77 33 88
77 35 13
77 36 39
77 37 90
77 42 37
77 43 16
77 47 94
77 50 87
77 53 3
77 55 59
77 58 78
77 62 17
77 66 19
77 67 66
77 68 80
77 69 6
77 70 45
77 74 37
77 75 7
77 80 31
77 85 91
77 87 15
77 88 52
77 94 61
78 0 40
78 1 55
78 6 73
78 7 18
78 9 7
78 11 54
78 13 42
78 14 50
78 18 95
78 20 68
78 23 64
78 28 20
78 34 50
78 38 66
78 39 41
78 41 82
78 44 47
78 48 64
78 49 42
78 51 82
78 52 24
78 56 39
78 61 69
78 70 59
78 71 94
78 72 64
78 73 58
78 79 70
78 82 89
78 84 7
78 85 34
78 87 28
78 89 35
78 90 65
78 93 37
78 94 62
78 96 18
79 1 83
79 2 25
79 4 13
79 10 1
79 11 77
79 15 96
79 16 36
79 18 20
79 22 5
79 26 38
79 28 66
79 29 4
79 30 71
79 36 35
79 40 6
79 41 51
79 43 72
79 48 90
79 52 62
79 54 95
79 58 95
79 59 67
79 61 69
79 63 31
79 68 30
79 75 94
79 76 16
79 77 67
79 80 74
79 81 12
80 4 11
80 7 68
80 8 8
80 15 96
80 18 13
80 21 45
80 22 81
80 25 88
80 30 51
80 37 37
80 40 24
80 44 90
80 46 99
80 49 18
80 51 43
80 53 62
80 54 89
80 56 34
80 57 56
80 60 13
80 64 99
80 66 27
80 71 32
80 74 26
80 78 80
80 83 33
80 88 67
80 93 25
80 94 15
80 99 60
81 1 52
81 8 56
81 9 65
81 11 46
81 19 50
81 21 50
81 24 98
81 28 53
81 29 3
81 30 16
81 32 37
81 34 52
81 38 50
81 39 91
81 40 25
81 43 98
81 44 73
81 45 89
81 47 75
81 48 90
81 49 22
81 50 54
81 51 87
81 53 75
81 54 36
81 58 47
81 59 76
81 60 98
81 64 87
81 68 65
81 70 95
81 73 99
81 75 17
81 78 80
81 83 18
81 84 52
81 86 89
81 87 81
81 88 60
81 93 36
81 96 48
81 99 64
82 3 64
82 4 51
82 5 67
82 11 10
82 17 57
82 18 24
82 19 73
82 20 75
82 22 56
82 23 36
82 24 28
82 25 37
82 27 28
82 31 49
82 35 82
82 48 70
82 49 43
82 51 84
82 52 40
82 57 53
82 60 20
82 61 52
82 62 2
82 63 38
82 66 1
82 69 57
82 73 15
82 76 42
82 79 45
82 80 50
82 81 24
82 84 80
82 89 5
82 94 84
82 97 26
83 2 63
83 3 99
83 7 36
83 9 18
83 10 70
83 14 91
83 16 24
83 18 38
83 22 23
83 24 31
83 26 83
83 33 75
83 42 54
83 45 49
83 47 27
83 48 38
83 49 46
83 52 38
83 57 41
83 58 86
83 60 89
83 61 58
83 69 91
83 75 7
83 76 42
83 78 87
83 79 48
83 82 41
83 85 67
83 86 14
83 87 87
83 89 88
83 92 41
83 93 26
83 95 28
83 97 67
83 98 26
83 99 38
84 0 9
84 5 65
84 7 40
84 9 34
84 11 99
84 13 26
84 14 82
84 16 90
84 18 17
84 21 57
84 23 59
84 27 39
84 28 7
84 33 26
84 34 81
84 35 8
84 39 72
84 42 63
84 43 92
84 44 90
84 46 62
84 47 37
84 49 45
84 50 78
84 52 99
84 54 91
84 55 90
84 56 42
84 60 2
84 63 7
84 65 76
84 69 36
84 70 73
84 73 60
84 77 57
84 79 51
84 80 80
84 86 80
84 87 22
84 88 50
84 89 38
84 95 77
84 97 63
84 98 3
85 4 33
85 5 16
85 6 53
85 7 88
85 10 32
85 13 9
85 15 77
85 17 80
85 21 20
85 27 21
85 28 67
85 29 34
85 33 32
85 40 95
85 41 78
85 43 13
85 46 16
85 50 94
85 51 91
85 60 28
85 63 2
85 65 23
85 66 83
85 84 84
85 87 29
85 88 77
85 91 14
85 93 82
85 95 32
85 98 70
85 99 49
86 0 89
86 2 31
86 3 70
86 6 22
86 8 29
86 16 15
86 19 52
86 20 39
86 21 61
86 24 68
86 25 13
86 28 95
86 30 36
86 33 4
86 39 80
86 42 8
86 43 15
86 44 34
86 46 5
86 50 52
86 51 88
86 52 6
86 53 40
86 57 77
86 58 88
86 59 67
86 60 94
86 67 93
86 70 57
86 74 56
86 75 58
86 76 10
86 78 72
86 80 29
86 82 2
86 85 41
86 87 19
86 91 47
86 96 34
86 99 39
87 0 20
87 9 42
87 11 98
87 12 25
87 16 52
87 17 12
87 19 48
87 23 87
87 24 9
87 29 85
87 30 42
87 31 27
87 33 87
87 37 7
87 38 6
87 39 25
87 51 97
87 53 10
87 55 9
87 56 2
87 57 30
87 59 59
87 61 1
87 64 50
87 67 17
87 68 37
87 69 83
87 70 21
87 71 77
87 73 37
87 75 16
87 82 38
87 88 31
87 90 31
87 92 34
87 98 26
87 99 47
88 0 80
88 8 96
88 11 5
88 15 2
88 17 72
88 19 13
88 20 91
88 21 97
88 22 20
88 23 9
88 27 52
88 28 98
88 30 44
88 38 17
88 39 92
88 41 29
88 42 68
88 43 89
88 45 7
88 46 78
88 47 21
88 51 93
88 57 97
88 66 32
88 67 50
88 72 30
88 73 26
88 75 19
88 78 34
88 79 49
88 82 96
88 86 86
88 89 20
88 91 54
88 94 35
88 97 21
89 5 60
89 6 17
89 7 35
89 10 17
89 12 55
89 13 36
89 14 92
89 17 65
89 18 87
89 19 91
89 20 70
89 27 91
89 28 68
89 29 35
89 31 86
89 32 95
89 33 66
89 37 48
89 38 72
89 40 19
89 41 90
89 43 31
89 44 35
89 45 93
89 48 71
89 49 10
89 52 20
89 59 83
89 60 87
89 62 13
89 63 63
89 65 40
89 68 94
89 70 7
89 76 92
89 77 44
89 79 46
89 80 95
89 81 26
89 86 32
89 87 96
89 91 23
89 93 9
90 7 27
90 11 6
90 12 81
90 16 7
90 17 3
90 20 51
90 23 3
90 28 14
90 29 6
90 33 50
90 38 10
90 39 46
90 40 59
90 41 38
90 42 14
90 44 45
90 45 54
90 46 31
90 47 35
90 55 61
90 57 33
90 58 68
90 61 30
90 66 84
90 71 84
90 72 55
90 75 3
90 77 14
90 79 23
90 81 74
90 82 61
90 83 99
90 84 46
90 85 70
90 86 89
90 88 28
90 92 92
90 93 8
90 94 20
90 95 27
90 96 92
90 98 99
91 0 62
91 1 84
91 2 66
91 4 62
91 7 97
91 10 74
91 16 66
91 17 53
91 18 14
91 19 1
91 22 56
91 23 13
91 24 62
91 25 15
91 27 21
91 29 70
91 34 59
91 37 4
91 41 78
91 42 16
91 46 53
91 47 28
91 48 95
91 49 85
91 52 82
91 53 89
91 55 63
91 57 20
91 60 61
91 63 79
91 67 28
91 68 83
91 70 44
91 71 28
91 72 13
91 75 95
91 77 81
91 78 61
91 79 28
91 81 28
91 82 74
91 83 37
91 84 93
91 90 94
91 92 2
91 95 60
91 96 8
91 98 44
91 99 37
92 1 45
92 8 54
92 11 24
92 13 94
92 14 5
92 16 90
92 20 68
92 21 26
92 23 28
92 29 18
92 30 53
92 38 94
92 41 71
92 42 16
92 45 68
92 47 30
92 48 40
92 50 44
92 53 53
92 56 32
92 61 98
92 63 21
92 64 45
92 65 35
92 66 65
92 74 74
92 80 65
92 81 91
92 82 33
92 84 77
92 86 34
92 88 43
92 89 1
92 94 91
92 96 4
92 99 63
93 0 92
93 8 3
93 12 65
93 13 69
93 14 55
93 16 49
93 23 31
93 24 82
93 27 85
93 28 67
93 29 40
93 31 17
93 34 94
93 36 47
93 37 54
93 40 43
93 41 67
93 49 57
93 50 51
93 51 76
93 53 71
93 63 99
93 67 57
93 68 17
93 70 68
93 71 43
93 72 79
93 75 76
93 77 4
93 79 86
93 82 86
93 84 31
93 86 50
93 87 82
93 88 85
93 91 86
93 92 34
93 98 44
94 0 32
94 2 36
94 7 10
94 8 37
94 9 48
94 10 24
94 11 99
94 14 70
94 18 75
94 20 50
94 21 10
94 23 57
94 25 58
94 26 37
94 29 23
94 30 8
94 35 56
94 36 56
94 38 78
94 39 96
94 41 62
94 43 84
94 44 11
94 47 39
94 53 74
94 61 88
94 62 60
94 67 19
94 70 21
94 72 77
94 73 52
94 74 43
94 81 42
94 83 85
94 84 20
94 86 14
94 89 63
94 93 19
95 1 30
95 4 60
95 7 99
95 8 33
95 10 36
95 11 65
95 12 55
95 14 19
95 15 15
95 19 81
95 20 9
95 21 48
95 26 52
95 30 45
95 31 85
95 33 29
95 35 73
95 36 10
95 37 5
95 45 70
95 46 99
95 51 74
95 52 50
95 53 58
95 56 67
95 62 98
95 63 75
95 67 96
95 71 63
95 73 54
95 76 32
95 80 60
95 81 65
95 82 41
95 86 5
95 87 18
95 93 1
95 98 25
96 3 25
96 6 42
96 12 92
96 13 80
96 16 75
96 20 40
96 23 33
96 24 63
96 25 22
96 27 26
96 28 18
96 29 44
96 30 98
96 36 69
96 37 90
96 41 1
96 42 30
96 45 5
96 46 19
96 54 8
96 55 19
96 56 52
96 57 77
96 59 10
96 62 18
96 64 32
96 68 29
96 71 88
96 73 25
96 75 42
96 77 61
96 79 65
96 80 22
96 82 77
96 84 81
96 87 1
96 89 65
96 99 55
97 3 93
97 6 45
97 8 96
97 9 20
97 10 57
97 11 42
97 12 16
97 14 53
97 17 7
97 21 91
97 22 14
97 25 13
97 29 93
97 35 31
97 37 1
97 40 9
97 44 64
97 45 4
97 47 20
97 48 81
97 53 88
97 55 73
97 60 64
97 63 80
97 65 23
97 66 55
97 67 65
97 69 47
97 73 99
97 76 34
97 77 35
97 79 15
97 80 27
97 81 80
97 85 71
97 86 92
97 87 39
97 95 62
98 0 91
98 1 3
98 2 1
98 5 13
98 7 17
98 11 74
98 12 97
98 19 71
98 25 73
98 29 8
98 30 65
98 33 13
98 35 28
98 37 19
98 38 51
98 42 37
98 44 59
98 45 66
98 46 34
98 53 97
98 58 9
98 59 12
98 60 48
98 62 34
98 65 97
98 69 54
98 70 83
98 73 56
98 74 49
98 75 60
98 77 41
98 78 82
98 79 28
98 80 18
98 86 87
98 92 12
99 1 8
99 2 57
99 5 23
99 10 16
99 11 94
99 13 70
99 17 86
99 24 67
99 25 58
99 33 88
99 36 48
99 37 84
99 39 37
99 40 96
99 43 18
99 44 33
99 46 84
99 48 39
99 49 40
99 52 32
99 61 21
99 62 16
99 64 86
99 67 23
99 69 34
99 72 60
99 75 70
99 76 36
99 78 56
99 88 50
99 89 14
99 97 63
