25
 Prim Matrix
29,685 156,261 518,327 1278,57 2409 4001 6240,4 9256,98 13449,5 18211 
 Prim List
30,086 89,8621 335,827 834,625 1543,54 2929,56 4883,88 7212,57 10939,4 16001,8 
 Kruskal Matrix
30,3788 223,553 780,288 2469,82 4529,01 9222,26 15670,9 22463,5 34876,1 52559,6 
 Kruskal List
65,7636 133,61 559,866 1479,67 3246,25 5763,8 9542,31 15110,2 23098,5 33634 
50
 Prim Matrix
53,023 152,542 501,431 1187,4 2325,62 3982,52 6390,18 9497,45 13483,5 18565,9 
 Prim List
41,4349 188,272 666,296 1771,37 3511,25 6845,77 11261,6 17739,9 26873,2 38089,1 
 Kruskal Matrix
52,7111 256,076 973,916 2497,11 4908,61 10431,1 15605 25395,3 39308,4 56209,5 
 Kruskal List
79,1085 345,506 1201,35 3177,52 7124,25 13575,1 22899,2 36954,2 57403,9 83217,4 
75
 Prim Matrix
104,467 153,883 493,863 1168,97 2285,15 3900,98 6169,16 9208,16 13091,7 18039,5 
 Prim List
47,8785 277,829 1088,96 2887,1 6071,62 11636,9 20341,3 32036,7 48613,1 71542 
 Kruskal Matrix
87,545 212,626 817,377 2056,61 4731 8604,46 15589,9 24780,3 39297,7 54682,7 
 Kruskal List
94,4967 451,276 2021,91 5587,3 11796,6 121852 41754,2 67052,9 103211 152688 
99
 Prim Matrix
173,619 146,244 475,898 1122,77 2195,22 3802,68 6075,19 8943,47 12711 17389,9 
 Prim List
56,7839 388,112 1527,4 4113,42 9017,24 17359,9 30038,3 48985,8 74879 111375 
 Kruskal Matrix
127,522 208,914 784,597 2081,44 4250,93 8246,24 13095,1 23224,7 33227,2 51725,8 
 Kruskal List
107,056 673,813 2774,15 7885,53 17829,1 34599 61143,9 101824 167461 235731 
