25
 Dijkstra Matrix
11,568 35,0656 71,1291 172,276 186,056 266,954 361,868 473,9 593,703 739,851 
Dijkstra List
6,16385 21,2922 45,9463 79,6849 126,659 178,156 241,067 316,486 404,199 499,278 
Bellman-Ford Matrix
2,51328 10,0985 22,9731 40,088 77,1091 98,5691 157,589 269,936 287,239 334,916 
Bellman-Ford List
2,39492 10,4124 23,9534 36,988 57,048 85,457 138,039 160,838 217,554 312,097 
50
 Dijkstra Matrix
8,6631 32,0677 71,8901 122,893 191,305 269,5 364,224 474,93 599,74 740,912 
Dijkstra List
6,87691 25,5059 56,1885 102,94 157,34 234,988 321,012 431,6 549,154 690,095 
Bellman-Ford Matrix
3,7131 9,89271 32,2389 57,0762 108,729 143,035 246,611 305,522 363,353 553,563 
Bellman-Ford List
4,53256 16,0615 48,0911 78,5541 138,298 197,599 286,328 419,603 529,613 709,04 
75
 Dijkstra Matrix
9,24504 33,6292 75,9076 132,932 192,66 271,947 373,964 485,524 612,795 763,16 
Dijkstra List
8,03416 30,886 69,2269 125,336 202,273 299,394 418,32 575,42 752,399 970,075 
Bellman-Ford Matrix
3,32108 11,3093 31,8983 62,6759 124,375 246,38 281,07 411,588 519,712 647,921 
Bellman-Ford List
6,96192 27,604 66,8466 127,053 217,564 375,866 557,05 745,891 1058,21 1443,22 
99
 Dijkstra Matrix
9,95822 33,531 76,2125 126,05 197,463 281,267 373,864 486,245 619,124 761,211 
Dijkstra List
9,47821 36,4655 84,7385 152,445 253,618 430,259 576,576 786,381 1057,77 1357,9 
Bellman-Ford Matrix
3,4389 15,2334 41,2992 86,3983 182,851 278,972 322,077 495,563 624,362 813,904 
Bellman-Ford List
8,6819 38,3487 94,0603 184,614 357,745 551,72 828,481 1253,57 1768,54 2307,01 
